1620467564395 50.0578088 19.8553647
1620467569398 50.0577395 19.8553528
1620467634895 50.0571584 19.8545116
1620467639975 50.0571114 19.8544494
1620467644997 50.0570554 19.8543837
1620467650020 50.0569969 19.8543111
1620467655055 50.0569363 19.8542554
1620467660077 50.0568839 19.8541941
1620467665094 50.0568253 19.8541469
1620467670111 50.0567594 19.8541065
1620467675121 50.0566935 19.8540855
1620467680166 50.0566336 19.8540625
1620467685174 50.0565761 19.8540553
1620467690218 50.0565132 19.8540264
1620467695265 50.0564326 19.8539915
1620467703815 50.0563377 19.8539566
1620467713829 50.0562377 19.8538805
1620467720087 50.0561601 19.8538289
1620467725153 50.0560931 19.8538233
1620467735236 50.0559202 19.8537753
1620467747160 50.0558455 19.8537752
1620467818934 50.0549582 19.8543193
1620467833972 50.0549677 19.8542542
1620467838881 50.0549774 19.8542668
1620467844043 50.0549786 19.8542434
1620467848575 50.0551244 19.8540015
1620467859097 50.054958 19.8543039
1620467864002 50.0551294 19.8539874
1620467865608 50.0550385 19.8541524
1620467870829 50.0550709 19.8540824
1620467875813 50.0550316 19.8541725
1620467880841 50.0550114 19.8542175
1620467885877 50.055051 19.8541358
1620467890901 50.0550835 19.8540855
1620467895920 50.0551563 19.8539317
1620467900905 50.0551102 19.8539918
1620467905907 50.0550933 19.8540244
1620467910971 50.0551576 19.8539277
1620467921012 50.0551049 19.8540633
1620467926025 50.0551037 19.8540451
1620467931144 50.054957 19.8543052
1620467936060 50.0550891 19.8540745
1620467941078 50.0550135 19.8541956
1620467946114 50.0550962 19.8540322
1620467951204 50.0549581 19.8543101
1620467956129 50.0550301 19.8541695
1620467961292 50.0549718 19.8542745
1620467966270 50.0551103 19.8540317
1620467971285 50.0550228 19.8541794
1620467976305 50.0550804 19.8540797
1620467981935 50.0550004 19.8542143
1620467987098 50.0549554 19.854308
1620467992073 50.0550371 19.8541556
1620467997132 50.0549564 19.8543115
1620468002155 50.0549983 19.8542133
1620468007179 50.0549579 19.8543113
1620468012287 50.0549469 19.8543
1620468017306 50.0549581 19.8543101
1620468032214 50.0550931 19.8540559
1620468036929 50.0551586 19.8539336
1620468042394 50.0549583 19.8543042
1620468052365 50.0549469 19.8543
1620468057405 50.0549564 19.8543115
1620468108852 50.0549506 19.8542996
1620468115098 50.0549382 19.8542921
1620468148609 50.0549579 19.85431
1620468158485 50.0549469 19.8543
1620468183942 50.0549578 19.8543068
1620468204291 50.0549424 19.8542998
1620468209306 50.0549579 19.8543113
1620468239370 50.055063 19.85412
1620468259541 50.0549469 19.8543
1620468279758 50.054938 19.8542965
1620468350438 50.054466 19.8526877
1620468355130 50.054938 19.8542965
1620468360143 50.0549506 19.8542996
1620468380215 50.0549392 19.8542989
1620468385267 50.0549578 19.8543068
1620468395653 50.0544679 19.8527067
1620468435789 50.0544622 19.8526783
1620468452352 50.0544622 19.8526783
1620468473236 50.0544658 19.8526931
1620468674625 50.0544756 19.8527019
1620468695251 50.0544676 19.8526922
1620468807884 50.0549431 19.8519453
1620468848557 50.0544619 19.8526944
1620468893907 50.0544737 19.8527063
1620468899116 50.0544629 19.8527012
1620468944663 50.0544566 19.8526811
1620468948613 50.0544631 19.8526998
1620468973724 50.0544678 19.8527009
1620468986220 50.0544638 19.8526875
1620469006350 50.054474 19.8527
1620469027424 50.0544629 19.8526844
1620469048847 50.0544636 19.8526994
1620469084512 50.0544699 19.8527124
1620469089699 50.0544619 19.8526944
1620469144390 50.0544716 19.8526959
1620469175358 50.0544619 19.8526944
1620469377288 50.0549541 19.8542994
1620469382100 50.0549424 19.8542998
1620469387329 50.0549579 19.8543113
1620469427566 50.0549392 19.8542989
1620469442602 50.0549506 19.8542996
1620469457749 50.0549581 19.8543101
1620469462784 50.0549424 19.8542998
1620469472853 50.0549564 19.8543115
1620469493003 50.0549424 19.8542998
1620469538807 50.0549424 19.8542998
1620469544574 50.054477 19.8527039
1620469559649 50.0544661 19.8526888
1620469564376 50.054854 19.8540008
1620469569024 50.0549424 19.8542998
1620469584870 50.0545331 19.8529176
1620469589892 50.0544652 19.8526906
1620469682650 50.0549099 19.8541964
1620469687319 50.0549382 19.8542921
1620469745894 50.0549382 19.8542921
1620469809822 50.0549382 19.8542921
1620469860864 50.0535414 19.851688
1620469909248 50.0535322 19.8517316
1620469914258 50.0535517 19.8518027
1620469915677 50.0535493 19.8518369
1620469920733 50.0535746 19.85189
1620469940196 50.0535816 19.8519366
1620469969490 50.0535819 19.8520893
1620470001197 50.0534688 19.8520498
1620470026041 50.0533597 19.8519681
1620470038487 50.053355 19.8519113
1620470044704 50.0533892 19.8519416
1620470092940 50.0534222 19.8519967
1620470122430 50.0534057 19.8519577
1620470180888 50.0533983 19.8518696
1620470210040 50.0533731 19.8517833
1620470232008 50.0533498 19.8516857
1620470334877 50.0533621 19.8517308
1620470385424 50.0533673 19.8517906
1620470405536 50.0533555 19.8518057
1620470410607 50.0533579 19.851834
1620470415631 50.0533657 19.8518122
1620470435829 50.0533766 19.8518156
1620470445815 50.0533615 19.8518082
1620470455854 50.0533578 19.8517891
1620470460856 50.0533382 19.8517691
1620470494954 50.0534025 19.8515458
1620470499968 50.0534372 19.851618
1620470505004 50.0534629 19.8516923
1620470510014 50.0534757 19.8517427
1620470515018 50.0534615 19.8517678
1620470520084 50.0534783 19.8518019
1620470560097 50.0534241 19.8521471
1620470576376 50.0532763 19.8519783
1620470582718 50.0532264 19.8518967
1620470588880 50.0531719 19.8518381
1620470595095 50.0531205 19.8517684
1620470601345 50.0530612 19.8517024
1620470607371 50.0530056 19.8516458
1620470626104 50.0528581 19.8516208
1620470632350 50.0528604 19.8516061
1620470657397 50.0528219 19.8515529
1620470681024 50.0528706 19.8514445
1620470686090 50.0528842 19.851413
1620470706138 50.0528747 19.8513732
1620470723708 50.0528321 19.8513223
1620470757842 50.0527191 19.8511901
1620470764048 50.0527134 19.8510924
1620470769196 50.0527104 19.8510377
1620470774223 50.0527284 19.8510009
1620470790550 50.0527758 19.8510113
1620470815866 50.0526517 19.850966
1620470825009 50.0526062 19.850931
1620470853877 50.0526086 19.8509287
1620470876377 50.0525543 19.8508459
1620470882577 50.0525565 19.8508769
1620470898914 50.0525007 19.8508618
1620470903920 50.0525226 19.8508873
1620470926860 50.0525294 19.8508348
1620470936962 50.0525031 19.8508485
1620471060879 50.0524516 19.8502103
1620471065881 50.0524836 19.8502122
1620471070913 50.052502 19.8502463
1620471104879 50.0524604 19.85018
1620471109918 50.0524464 19.8501983
1620471142491 50.0540716 19.8504722
1620471152540 50.0539661 19.85043
1620471156912 50.0540673 19.8504762
1620471219012 50.0517456 19.8493943
1620471221771 50.0517193 19.8494286
1620471226810 50.0516951 19.8494304
1620471232528 50.0540721 19.8504762
1620471239288 50.0540721 19.8504762
1620471244336 50.0516546 19.8493633
1620471255029 50.0540673 19.8504762
1620471281360 50.0516971 19.8498299
1620471286401 50.0517196 19.8499088
1620471291421 50.051774 19.8499255
1620471300283 50.0517992 19.8499801
1620471305325 50.0518081 19.8499949
1620471315393 50.051817 19.8498996
1620471337871 50.0540721 19.8504762
1620471361794 50.0540721 19.8504762
1620471397685 50.0539847 19.8504349
1620471402013 50.0540703 19.8504736
1620471422274 50.0518589 19.8493283
1620471440477 50.0540736 19.8504741
1620471557128 50.0540716 19.8504807
1620471686406 50.0529345 19.8492406
1620471691418 50.0528997 19.8491687
1620471697093 50.054007 19.8504048
1620471702122 50.0540698 19.850474
1620471787022 50.0532701 19.8479579
1620471792062 50.0533026 19.8478937
1620471797116 50.053328 19.8478236
1620471802121 50.0533465 19.8477337
1620471807172 50.0533285 19.8476466
1620471812198 50.0533032 19.8475534
1620471817220 50.053274 19.8474618
1620471822246 50.053236 19.8473862
1620471827284 50.0532282 19.8472922
1620471832316 50.0531918 19.8472032
1620471837363 50.0531565 19.8471173
1620471842387 50.0531433 19.8470454
1620471847453 50.0531121 19.8469842
1620471852484 50.0530688 19.8469733
1620471889501 50.0531686 19.8472831
1620471894531 50.0531968 19.8473747
1620471898951 50.0532229 19.8474522
1620471903972 50.0532495 19.8475177
1620471909673 50.0540735 19.8504758
1620471914057 50.0533042 19.847656
1620471920134 50.053318 19.847752
1620471925159 50.0533342 19.8478707
1620471930188 50.0533679 19.8479416
1620471935228 50.0540735 19.8504758
1620471938280 50.0540735 19.8504758
1620472161808 50.0540673 19.8504762
1620472181924 50.0531588 19.8499492
1620472192138 50.0532403 19.8500291
1620472197167 50.0532415 19.8500118
1620472202195 50.053256 19.8500132
1620472207212 50.0532688 19.8500623
1620472217305 50.0532816 19.8500585
1620472237830 50.0531557 19.8499643
1620472247872 50.0531628 19.8499303
1620472264778 50.053163 19.8499215
1620472314895 50.0532458 19.8501034
1620472319917 50.053278 19.8501584
1620472347888 50.0534084 19.850556
1620472352911 50.0534367 19.8506305
1620472357912 50.0534514 19.850713
1620472362936 50.0534657 19.8507993
1620472367947 50.0534889 19.8508689
1620472372967 50.0535193 19.8509412
1620472390049 50.0535895 19.8511356
1620472396059 50.0536081 19.8512102
1620472414638 50.0535449 19.8510235
1620472419676 50.0535184 19.8509407
1620472424740 50.0534919 19.8508793
1620472429766 50.0534651 19.8508132
1620472507399 50.0531093 19.8496764
1620472512418 50.0530719 19.849614
1620472517423 50.0530364 19.849548
1620472523152 50.0538387 19.8502609
1620472528183 50.054068 19.8504756
1620472785002 50.0540721 19.8504762
1620473011061 50.0540358 19.8505905
1620473067488 50.0540241 19.8505393
1620473206159 50.0539618 19.8503535
1620473211170 50.0540588 19.8504394
1620473227444 50.0542085 19.8503812
1620473233678 50.0541819 19.850307
1620473239893 50.0541698 19.8502993
1620473283678 50.0542013 19.8502855
1620473288728 50.0542458 19.8502732
1620473293778 50.0542818 19.850275
1620473308820 50.0543045 19.8502721
1620473410833 50.0543918 19.8502187
1620473420931 50.0543807 19.8502253
1620473430974 50.0543814 19.8502083
1620473480869 50.0544407 19.8499632
1620473485884 50.0544251 19.8499059
1620473490897 50.0544166 19.8498528
1620473495927 50.0544104 19.8498143
1620473500945 50.054378 19.8498142
1620473533874 50.0543197 19.849406
1620473538899 50.0543101 19.849353
1620473543898 50.0543056 19.8492987
1620473548937 50.054306 19.8492479
1620473553929 50.0542848 19.8492185
1620473558963 50.0542615 19.8491633
1620473564075 50.0542499 19.8490997
1620473569034 50.0542443 19.8490215
1620473574040 50.0542177 19.848947
1620473579058 50.0541866 19.8488904
1620473584096 50.0541579 19.8488463
1620473589108 50.0541573 19.8488256
1620473599200 50.0541346 19.848811
1620473614366 50.0541881 19.849011
1620473619388 50.0542063 19.8490963
1620473624822 50.0542229 19.8491539
1620473657982 50.0543734 19.8496366
1620473662997 50.0543873 19.8497047
1620473667996 50.0543972 19.8497854
1620473673014 50.0544099 19.8498665
1620473678018 50.054451 19.8499236
1620473683029 50.0544743 19.8500126
1620473688095 50.0544845 19.8500919
1620473693104 50.0544988 19.8501703
1620473698116 50.0545111 19.8502383
1620473703157 50.0545327 19.8503075
1620473708202 50.054597 19.8503155
1620473723247 50.0545859 19.8503938
1620473728270 50.0546312 19.8504078
1620473733277 50.0546365 19.850324
1620473738296 50.0546075 19.8502824
1620473743309 50.0545543 19.8502864
1620473783914 50.0546831 19.8505817
1620473788923 50.0546966 19.850617
1620473793932 50.054702 19.8506688
1620473798947 50.0547155 19.8506641
1620473831153 50.0547013 19.8507019
1620473836171 50.0547025 19.8507233
1620473842408 50.0547089 19.8507777
1620473853696 50.0547054 19.8508088
1620473859894 50.0546922 19.8508301
1620473866092 50.0546707 19.8508907
1620473871104 50.0546664 19.8509475
1620473876161 50.0546553 19.851009
1620473881283 50.0546578 19.8510773
1620473886226 50.0546747 19.851148
1620473891240 50.054699 19.8511676
1620473896252 50.0547138 19.8511385
1620473901268 50.0547466 19.8511114
1620473906282 50.0547872 19.8511412
1620473957197 50.0548298 19.8510535
1620473963421 50.0548224 19.851107
1620473980930 50.0548235 19.8511294
1620474008542 50.0548246 19.8512331
1620474013557 50.0548002 19.8512835
1620474018572 50.0547902 19.8513395
1620474023579 50.0547589 19.8513821
1620474028606 50.0547193 19.8513908
1620474033749 50.0546812 19.8514104
1620474038689 50.0546446 19.8514199
1620474043712 50.0546111 19.8514524
1620474048731 50.0546079 19.8515452
1620474054489 50.054456 19.8526792
1620474069717 50.0544611 19.8526924
1620474074711 50.054456 19.8526792
1620474079726 50.0544648 19.8526934
1620474094829 50.0544696 19.8527076
1620474135027 50.0544632 19.8526901
1620474215728 50.0544737 19.8527063
1620474220749 50.0544649 19.8526928
1620474240841 50.0544689 19.8527086
1620474245895 50.054456 19.8526792
1620474250976 50.0544636 19.8526994
1620474306406 50.0544724 19.8527061
1620474316472 50.0544671 19.8526919
1620474331539 50.0544611 19.8526811
1620474341577 50.054464 19.8526963
1620474346633 50.0544737 19.8527063
1620474483902 50.0544737 19.8527063
1620474489071 50.0543457 19.8506887
1620474493993 50.0543857 19.850656
1620474529256 50.0543829 19.8506766
1620474534288 50.0544171 19.8506624
1620474539306 50.0544282 19.8506502
1620474544326 50.0544608 19.8506187
1620474643953 50.0546479 19.8509978
1620474648944 50.0546445 19.8510719
1620474653972 50.054627 19.8511567
1620474659014 50.0546065 19.8512483
1620474664022 50.0545954 19.8513275
1620474669803 50.0544934 19.8524392
1620474674111 50.0544661 19.8526941
1620474689942 50.0544594 19.8526804
1620474694943 50.054467 19.852698
1620474725137 50.054457 19.8526907
1620474730155 50.0544642 19.8527019
1620474750893 50.0544786 19.8527149
1620474754239 50.0544668 19.8526943
1620474818148 50.0544598 19.8526788
1620474823175 50.0544669 19.8526896
1620474843383 50.054477 19.8527117
1620474858412 50.0544641 19.8526951
1620474863446 50.054477 19.8527026
1620474873493 50.0544652 19.8527005
1620474893547 50.0544519 19.85268
1620474903660 50.0544737 19.8527063
1620474928749 50.0544598 19.8526788
1620474933764 50.0544676 19.8526982
1620474938822 50.0544598 19.8526788
1620474943834 50.0544768 19.8527013
1620474953892 50.0544661 19.8526961
1620475061068 50.0544768 19.852703
1620475091245 50.054462 19.8526845
1620475101510 50.0544738 19.8527107
1620475106566 50.0544585 19.8526785
1620475231623 50.0540209 19.8505005
1620475276520 50.0541141 19.8502086
1620475342891 50.053926 19.8496998
1620475347907 50.0539008 19.8496353
1620475352922 50.0538715 19.8495694
1620475357943 50.0538321 19.8495071
1620475362964 50.0538092 19.8494602
1620475368109 50.053803 19.8493616
1620475373024 50.053783 19.84928
1620475378063 50.0537655 19.8492017
1620475383084 50.0537474 19.8491134
1620475388098 50.053788 19.8490628
1620475393121 50.0538051 19.8490008
1620475398270 50.0537874 19.8489181
1620475403211 50.053749 19.8488623
1620475412629 50.053653 19.8489357
1620475417654 50.0536277 19.8489431
1620475427680 50.0536345 19.8489573
1620475442911 50.0536167 19.8489813
1620475447849 50.0535919 19.8489246
1620475452869 50.0536211 19.8488342
1620475489705 50.0540217 19.8503681
1620475494157 50.0540706 19.850474
1620476059524 50.0540739 19.8504843
1620476678118 50.0540725 19.8504839
1620476952369 50.0535636 19.8513286
1620476957427 50.0540721 19.8504762
1620476985863 50.0537348 19.8518984
1620476990885 50.0537605 19.8519655
1620476995906 50.053783 19.8520433
1620478640886 50.0549569 19.8543181
1620478655728 50.0549567 19.854318
1620478740717 50.05496 19.8543213
1620478745881 50.054993 19.8543286
1620478751258 50.054958 19.8543058
1620478775221 50.0549506 19.8542996
1620478906388 50.0521778 19.8517365
1620479569049 50.0513954 19.8499526
1620479574586 50.0546523 19.8464564
1620479577107 50.0545904 19.8464633
1620479582145 50.0545542 19.8465557
1620479614851 50.054412 19.8470802
1620479626115 50.0543819 19.847279
1620479665032 50.0544626 19.8479609
1620479670047 50.054486 19.8480435
1620479675063 50.05451 19.8481443
1620479680482 50.0545491 19.8482244
1620479685504 50.0545448 19.8482925
1620479690567 50.0545895 19.8483894
1620479695616 50.0546317 19.8485055
1620479700680 50.0546505 19.8485982
1620479705703 50.0546719 19.8486892
1620479741848 50.0547581 19.8493403
1620479746866 50.0547664 19.8494383
1620479751893 50.0547784 19.8495375
1620479756900 50.0548035 19.8496359
1620479761906 50.0548303 19.849726
1620479766938 50.0548667 19.849814
1620479771953 50.0548965 19.8499067
1620479776969 50.0549161 19.850007
1620479781976 50.054935 19.850111
1620479786997 50.0549585 19.8502168
1620479792009 50.0549716 19.8503197
1620479797054 50.0549808 19.8504199
1620479802079 50.0550007 19.8505158
1620479807090 50.0550147 19.8506091
1620479812094 50.0550268 19.8507044
1620479817118 50.0550483 19.8508054
1620479822132 50.0550824 19.8508805
1620479827178 50.0551293 19.8509402
1620479832196 50.0551659 19.8510085
1620479837227 50.0551817 19.8511088
1620479842243 50.0552056 19.8511914
1620479847248 50.0552319 19.8512689
1620479852266 50.0552629 19.8513455
1620479857299 50.055287 19.8514295
1620479862318 50.0553174 19.851516
1620479867324 50.0553434 19.8516029
1620479872335 50.0553806 19.851681
1620479877369 50.0554081 19.8517715
1620479882380 50.0554389 19.8518651
1620479887405 50.0554696 19.8519562
1620479892425 50.0555033 19.8520584
1620479897429 50.0555283 19.8521652
1620479902848 50.0550902 19.8537997
1620479918105 50.0549382 19.8542921
1620479934332 50.0551552 19.8539242
1620479949440 50.054939 19.8542866
1620479959419 50.0551275 19.8539829
1620479964495 50.0551201 19.8540239
1620479969512 50.0550191 19.8541744
1620479974529 50.054938 19.8542958
1620479985677 50.0551325 19.8539715
1620479990711 50.0551557 19.8539313
1620480021746 50.0551552 19.8539242
1620480108134 50.0572759 19.8548793
1620480110237 50.057243 19.8548374
1620480113031 50.0572613 19.8548222
1620480115592 50.0572613 19.8548222