1669459755000 50.0569717 19.8546585
1669459756000 50.0569631 19.8545946
1669459757000 50.056952 19.8545432
1669459759000 50.0569505 19.8545141
1669459760000 50.0569581 19.8544946
1669459761000 50.0570351 19.8544141
1669459762000 50.0570517 19.854396
1669459764000 50.0570592 19.8544049
1669459766000 50.0570588 19.8544214
1669459769000 50.0570483 19.8544245
1669459772000 50.0570575 19.8544369
1669459775000 50.0570642 19.8544521
1669459777000 50.0570718 19.8544629
1669459779000 50.057081 19.8544647
1669459784000 50.0570787 19.8544503
1669459802000 50.0570803 19.8544661
1669459807000 50.0570729 19.854479
1669459813000 50.0570624 19.8544684
1669459817000 50.0570608 19.854448
1669459818000 50.0570535 19.854438
1669459819000 50.0570478 19.8544267
1669459820628 50.0570386 19.8544132
1669459821427 50.0570307 19.8544061
1669459823166 50.0570222 19.8543992
1669459826000 50.0570119 19.8543891
1669459834000 50.0570086 19.854374
1669459835207 50.0569977 19.854365
1669459836666 50.0569801 19.8543481
1669459839000 50.0569691 19.8543496
1669459840000 50.0569562 19.8543482
1669459840666 50.0569458 19.8543444
1669459842000 50.0569209 19.8543409
1669459842586 50.05691 19.8543441
1669459843247 50.0568963 19.8543486
1669459843966 50.0568915 19.8543342
1669459845086 50.0568885 19.8543085
1669459847000 50.0568776 19.8542935
1669459849000 50.0568701 19.854278
1669459850108 50.0568613 19.8542618
1669459852000 50.0568521 19.8542469
1669459853286 50.0568399 19.8542425
1669459854506 50.0568226 19.8542343
1669459855166 50.056811 19.8542305
1669459856387 50.0567904 19.854222
1669459857686 50.0567791 19.8542198
1669459860000 50.0567702 19.8542121
1669459870000 50.0567664 19.8541916
1669459870506 50.0567665 19.8541768
1669459871666 50.0567561 19.8541546
1669459873286 50.0567432 19.8541443
1669459874447 50.0567311 19.8541401
1669459875547 50.0567201 19.8541369
1669459877000 50.0567061 19.8541299
1669459878627 50.0566892 19.8541262
1669459879726 50.0566793 19.8541242
1669459880806 50.0566684 19.8541225
1669459882468 50.0566518 19.8541202
1669459883607 50.0566401 19.8541189
1669459884666 50.0566299 19.8541178
1669459886528 50.0566075 19.8541146
1669459888307 50.0565979 19.8541077
1669459889486 50.0565876 19.8541032
1669459890587 50.0565766 19.8541079
1669459892000 50.056561 19.8541185
1669459894347 50.0565523 19.854113
1669459896000 50.0565419 19.8541095
1669459896467 50.0565321 19.8541079
1669459897727 50.0565229 19.8541098
1669459899347 50.0565073 19.854114
1669459900447 50.0564941 19.8541153
1669459901567 50.0564666 19.8541136
1669459904246 50.0564566 19.8541117
1669459905466 50.0564451 19.8541073
1669459906566 50.0564302 19.8540984
1669459908206 50.0564171 19.8540896
1669459909306 50.0564057 19.8540826
1669459910386 50.0563933 19.8540722
1669459911106 50.056384 19.8540644
1669459911566 50.0563727 19.8540565
1669459912647 50.0563614 19.8540504
1669459913726 50.0563488 19.8540438
1669459914988 50.0563309 19.8540401
1669459915907 50.0563184 19.8540358
1669459916467 50.0562965 19.854028
1669459918646 50.0562806 19.8540243
1669459919707 50.0562667 19.8540175
1669459921000 50.0562577 19.8540116
1669459922000 50.0562449 19.8540035
1669459923000 50.0562328 19.8539978
1669459923487 50.0562245 19.8539915
1669459924587 50.0562123 19.8539774
1669459925266 50.0562053 19.8539684
1669459926287 50.0561933 19.8539556
1669459927000 50.0561845 19.8539462
1669459927866 50.0561749 19.8539358
1669459928926 50.056164 19.8539276
1669459930546 50.0561496 19.8539183
1669459931586 50.0561395 19.853917
1669459932646 50.0561282 19.8539137
1669459934127 50.0561164 19.8539084
1669459935246 50.0561029 19.8539037
1669459936266 50.0560914 19.8538977
1669459937367 50.0560786 19.8538907
1669459938566 50.0560663 19.8538837
1669459940000 50.0560538 19.8538784
1669459940566 50.0560414 19.8538762
1669459942246 50.056017 19.8538794
1669459944000 50.0560072 19.8538764
1669459945000 50.0559943 19.8538781
1669459945447 50.0559819 19.853882
1669459946506 50.0559639 19.8538868
1669459947000 50.0559487 19.8538883
1669459947567 50.0559391 19.8538883
1669459948706 50.0559258 19.8538864
1669459950000 50.0559143 19.8538844
1669459950666 50.0559042 19.8538817
1669459952000 50.055886 19.8538709
1669459954047 50.0558729 19.8538719
1669459955187 50.0558603 19.8538725
1669459956268 50.0558482 19.8538726
1669459957000 50.0558354 19.8538729
1669459958526 50.0558251 19.8538739
1669459959607 50.0558156 19.8538732
1669459960707 50.0558042 19.853874
1669459962347 50.055787 19.8538817
1669459964034 50.0557744 19.8538841
1669459965186 50.0557639 19.8538835
1669459966346 50.0557519 19.8538809
1669459967547 50.0557388 19.8538744
1669459968547 50.0557297 19.8538699
1669459970000 50.0557191 19.8538661
1669459970926 50.0557075 19.8538656
1669459972107 50.0556929 19.8538622
1669459973226 50.0556822 19.8538601
1669459974426 50.0556689 19.8538572
1669459975487 50.0556577 19.8538589
1669459977326 50.0556373 19.8538668
1669459978486 50.0556259 19.8538735
1669459979646 50.0556144 19.8538814
1669459981000 50.055604 19.8538925
1669459981406 50.0555959 19.8539012
1669459981986 50.0555879 19.8539347
1669459984000 50.0555771 19.8539415
1669459986000 50.0555605 19.8539502
1669459986646 50.0555493 19.853954
1669459987646 50.0555374 19.853958
1669459989000 50.0555242 19.8539633
1669459989408 50.0555142 19.8539684
1669459990567 50.0554978 19.853977
1669459991166 50.055488 19.8539841
1669459992347 50.0554679 19.8539986
1669459993546 50.055454 19.8540087
1669459995000 50.0554416 19.8540197
1669459996000 50.0554324 19.8540334
1669459996075 50.0554252 19.8540418
1669459997666 50.0554148 19.8540452
1669460000000 50.0553986 19.8540444
1669460001506 50.0553849 19.8540448
1669460003000 50.0553737 19.8540527
1669460005000 50.0553627 19.854062
1669460006000 50.0553534 19.8540726
1669460006059 50.0553436 19.8540854
1669460007447 50.0553298 19.8540946
1669460008526 50.0553177 19.8541056
1669460009668 50.0553066 19.8541178
1669460011000 50.055298 19.8541345
1669460012149 50.0552799 19.8541508
1669460014000 50.05527 19.8541487
1669460014986 50.0552579 19.8541528
1669460017000 50.0552302 19.8541744
1669460018427 50.0552271 19.8541879
1669460019566 50.0552208 19.8542027
1669460021000 50.0552137 19.8542141
1669460022000 50.0552076 19.8542248
1669460022628 50.0551926 19.8542332
1669460024000 50.055186 19.8542435
1669460025000 50.0551779 19.8542546
1669460026000 50.0551684 19.854256
1669460026687 50.0551571 19.8542481
1669460027326 50.0551446 19.8542179
1669460029067 50.0551441 19.854201
1669460030166 50.0551457 19.8541823
1669460031248 50.0551477 19.8541609
1669460032306 50.0551498 19.8541372
1669460034026 50.0551478 19.8541204
1669460036000 50.0551455 19.8540993
1669460037647 50.0551428 19.8540744
1669460042000 50.055148 19.8540871
1669460043000 50.0551492 19.8541034
1669460048000 50.0551282 19.8541059
1669460050446 50.0551295 19.8540902
1669460055548 50.0551222 19.8541059
1669460056828 50.0551105 19.8540971
1669460060388 50.0551047 19.8540811
1669460062000 50.0551034 19.8540651
1669460062869 50.0551047 19.8540085
1669460064248 50.0551046 19.8539914
1669460065608 50.055103 19.8539719
1669460066949 50.0551056 19.8539303
1669460067000 50.0551039 19.85395
1669460067588 50.0551036 19.853906
1669460069648 50.0551002 19.8538838
1669460071089 50.0550975 19.8538653
1669460073000 50.0550937 19.8538386
1669460074910 50.0550849 19.853832
1669460077000 50.0550833 19.8538143
1669460087311 50.0550936 19.8538114
1669460095109 50.0550983 19.8537953
1669460096349 50.0550989 19.8537807
1669460097689 50.0551004 19.8537633
1669460099629 50.055102 19.8537397
1669460100169 50.0550972 19.853727
1669460101448 50.055093 19.8537091
1669460102968 50.0550838 19.8536872
1669460105000 50.0550892 19.8536758
1669460111000 50.055081 19.8536863
1669460116653 50.0550714 19.8536919
1669460125208 50.0550742 19.8536785
1669460128248 50.0550694 19.853654
1669460129249 50.055061 19.8536388
1669460131000 50.055048 19.8536255
1669460132468 50.055035 19.8535876
1669460135469 50.0550359 19.8535651
1669460137228 50.0550352 19.8535448
1669460139000 50.0550271 19.8535228
1669460140468 50.055021 19.8535121
1669460142000 50.0550133 19.8535012
1669460143000 50.0550059 19.8534895
1669460146000 50.0550012 19.8534741
1669460152000 50.0549919 19.8534731
1669460154000 50.0549847 19.8534612
1669460156309 50.0549748 19.8534511
1669460157368 50.0549696 19.8534317
1669460159000 50.0549584 19.8533964
1669460162000 50.0549617 19.8533826
1669460202000 50.0549582 19.8533683
1669460203188 50.0549533 19.8533521
1669460205348 50.0549508 19.8533386
1669460207000 50.0549485 19.8533236
1669460208000 50.0549432 19.8533118
1669460209308 50.054933 19.8533038
1669460210309 50.0549243 19.8532992
1669460212000 50.0549178 19.8532875
1669460213288 50.0549145 19.853268
1669460214148 50.0549065 19.8532469
1669460216388 50.054899 19.8532368
1669460217988 50.0548997 19.8532109
1669460221368 50.054907 19.8532205
1669460225000 50.0548982 19.8532169
1669460227000 50.0548907 19.8532331
1669460244000 50.0548978 19.8532417
1669460260588 50.0549071 19.8532464
1669460261789 50.0549128 19.8532604
1669460263148 50.0549227 19.853276
1669460264448 50.0549268 19.8532905
1669460265269 50.0549256 19.8533122
1669460266548 50.0549288 19.8533302
1669460269568 50.0549391 19.8533192
1669460272000 50.0549493 19.8533095
1669460273488 50.0549598 19.8532903
1669460274709 50.054964 19.8532723
1669460277000 50.0549727 19.8532521
1669460284000 50.0549658 19.85324
1669460309000 50.0549702 19.8532113
1669460310000 50.0549716 19.8531933
1669460312000 50.0549811 19.8531751
1669460313000 50.0549848 19.8531619
1669460315008 50.0549903 19.853136
1669460316589 50.0549958 19.8531161
1669460318248 50.0550004 19.8531036
1669460321669 50.0550058 19.8530892
1669460322311 50.0550091 19.853076
1669460325000 50.0550163 19.8530622
1669460327000 50.0550208 19.8530493
1669460328448 50.0550315 19.853042
1669460360000 50.0550332 19.8530251
1669460361208 50.0550415 19.8530057
1669460362568 50.0550488 19.8529854
1669460363000 50.0550499 19.8529709
1669460364648 50.0550545 19.8529543
1669460366000 50.055057 19.8529407
1669460367000 50.0550607 19.8529265
1669460367063 50.0550636 19.8529129
1669460368348 50.0550674 19.8528987
1669460370000 50.0550706 19.8528838
1669460371000 50.0550752 19.8528717
1669460372389 50.0550865 19.8528532
1669460374000 50.0550996 19.8528322
1669460376000 50.0551099 19.8528157
1669460377288 50.0551179 19.8528025
1669460379000 50.0551269 19.8527891
1669460383000 50.0551398 19.8527783
1669460383688 50.0551538 19.8527847
1669460387472 50.0551586 19.8527968
1669460389249 50.0551541 19.8528096
1669460391000 50.0551411 19.8528273
1669460391568 50.0551307 19.8528444
1669460392468 50.0551235 19.8528585
1669460394000 50.0551173 19.8528738
1669460398000 50.0551055 19.852871
1669460418000 50.055099 19.8528821
1669460419000 50.0550874 19.8528796
1669460425000 50.0550902 19.8528648
1669460427000 50.0551007 19.8528449
1669460428000 50.0551058 19.8528295
1669460429000 50.055112 19.8528039
1669460433000 50.0551272 19.8527864
1669460437000 50.055136 19.852774
1669460447000 50.0551429 19.852758
1669460449000 50.0551507 19.8527314
1669460453000 50.0551534 19.8527124
1669460454548 50.0551729 19.8527168
1669460460000 50.0551836 19.8527177
1669460471000 50.055176 19.8527015
1669460471969 50.0551689 19.8526669
1669460472000 50.055172 19.8526837
1669460472351 50.0551658 19.8526468
1669460474000 50.0551643 19.8526313
1669460476000 50.0551674 19.8526127
1669460492000 50.0551745 19.8526038
1669460501609 50.0551679 19.8525866
1669460503588 50.0551648 19.8525674
1669460508000 50.0551619 19.8525532
1669460510000 50.0551576 19.852539
1669460511308 50.0551564 19.8525236
1669460513000 50.0551499 19.8525126
1669460514000 50.0551433 19.8524913
1669460514968 50.0551458 19.8524752
1669460516449 50.0551452 19.8524555
1669460518000 50.0551466 19.8524361
1669460518708 50.0551445 19.8524168
1669460520168 50.055143 19.8523936
1669460521068 50.0551386 19.8523766
1669460522728 50.0551294 19.8523523
1669460523508 50.0551248 19.8523384
1669460524308 50.0551198 19.8523205
1669460526000 50.0551165 19.8523057
1669460526808 50.0551139 19.8522903
1669460530000 50.0551082 19.8522602
1669460535000 50.0551085 19.852245
1669460546000 50.0551098 19.8522602
1669460554000 50.0550982 19.8522623
1669460555000 50.0550814 19.8522735
1669460557000 50.0550849 19.8522605
1669460559000 50.0550779 19.8522461
1669460560000 50.0550725 19.8522334
1669460566000 50.0550711 19.8522172
1669460569000 50.0550814 19.8522138
1669460576000 50.0550907 19.8522172
1669460583000 50.0550929 19.8522029
1669460585000 50.0550913 19.8521821
1669460682000 50.0550893 19.8521608
1669460684000 50.0550912 19.852136
1669460686000 50.0550938 19.852118
1669460695248 50.0550958 19.8521016
1669460697629 50.0550938 19.8520793
1669460698489 50.0550911 19.8520656
1669460699288 50.0550882 19.8520517
1669460701000 50.0550813 19.8520264
1669460702288 50.055073 19.8520085
1669460703688 50.0550666 19.8519931
1669460705288 50.0550576 19.8519643
1669460707488 50.0550527 19.8519435
1669460709000 50.0550506 19.8519281
1669460710328 50.0550433 19.8518973
1669460713000 50.0550373 19.8518837
1669460714048 50.0550328 19.8518638
1669460714928 50.0550284 19.8518485
1669460717329 50.0550218 19.8518317
1669460718949 50.0550201 19.8518167
1669460720549 50.0550166 19.851794
1669460723190 50.0550073 19.8517835
1669460725000 50.055 19.8517737
1669460725728 50.0549911 19.8517651
1669460727248 50.0549814 19.8517611
1669460727989 50.054973 19.8517551
1669460729668 50.0549585 19.851742
1669460730449 50.0549459 19.8517297
1669460732000 50.0549383 19.8517218
1669460733649 50.0549262 19.8517055
1669460735369 50.0549149 19.8517022
1669460738000 50.0548995 19.8517152
1669460739409 50.0548853 19.8517246
1669460741000 50.0548687 19.8517395
1669460742610 50.0548591 19.8517455
1669460744148 50.0548469 19.8517493
1669460745608 50.0548336 19.8517571
1669460746428 50.0548263 19.8517655
1669460748000 50.0548165 19.8517777
1669460748730 50.0548092 19.8517869
1669460749244 50.0547978 19.8517994
1669460751000 50.054789 19.8518075
1669460751668 50.05478 19.8518164
1669460753000 50.0547709 19.8518245
1669460754000 50.0547616 19.8518327
1669460754253 50.0547527 19.8518416
1669460756168 50.054741 19.8518515
1669460757730 50.0547287 19.8518607
1669460759208 50.0547184 19.8518674
1669460760728 50.0546981 19.8518767
1669460764000 50.0546849 19.8518733
1669460766000 50.0546689 19.8518836
1669460767888 50.0546599 19.8518902
1669460771000 50.0546491 19.8518926
1669460789508 50.0546421 19.8518808
1669460790968 50.054634 19.8518731
1669460793000 50.054629 19.8518591
1669460793757 50.0546269 19.851845
1669460793970 50.0546265 19.8518268
1669460796000 50.0546264 19.8518063
1669460797000 50.0546306 19.8517912
1669460798000 50.0546335 19.8517773
1669460798508 50.054636 19.8517632
1669460800000 50.0546373 19.8517411
1669460800528 50.0546362 19.8517155
1669460802000 50.0546281 19.851698
1669460802670 50.054625 19.8516814
1669460803989 50.0546217 19.8516494
1669460804000 50.0546229 19.8516637
1669460819000 50.0546187 19.851636
1669460823728 50.0546193 19.851618
1669460826000 50.0546237 19.8515909
1669460828000 50.0546284 19.8515768
1669460829429 50.0546313 19.8515602
1669460831000 50.0546327 19.8515434
1669460833000 50.054634 19.851525
1669460834448 50.0546371 19.8515081
1669460836000 50.0546391 19.8514887
1669460837988 50.0546366 19.8514715
1669460840000 50.0546402 19.8514542
1669460840909 50.0546436 19.8514378
1669460843000 50.0546498 19.8514237
1669460844268 50.0546569 19.8514151
1669460846000 50.0546663 19.8514134
1669460847228 50.0546776 19.8514197
1669460848450 50.0546873 19.8514247
1669460849588 50.0546968 19.8514287
1669460851000 50.0547097 19.8514312
1669460852190 50.0547205 19.8514314
1669460853489 50.0547299 19.851435
1669460855000 50.0547404 19.8514362
1669460856368 50.054755 19.8514344
1669460857752 50.0547667 19.8514335
1669460859000 50.0547824 19.8514325
1669460859688 50.0547916 19.8514315
1669460860489 50.0548024 19.8514288
1669460862709 50.0548122 19.8514235
1669460868000 50.0548186 19.851406
1669460870000 50.0548229 19.851385
1669460871068 50.0548234 19.8513663
1669460874000 50.0548261 19.8513518
1669460899000 50.0548214 19.8513333
1669460900473 50.0548196 19.8513179
1669460902108 50.0548187 19.851302
1669460903689 50.0548171 19.8512846
1669460904449 50.0548156 19.8512705
1669460905928 50.0548157 19.8512419
1669460907569 50.0548159 19.8512221
1669460908208 50.0548113 19.8512101
1669460910000 50.0548024 19.8511873
1669460911030 50.0547975 19.8511676
1669460913000 50.0547911 19.8511546
1669460915000 50.0547811 19.8511481
1669460916648 50.0547711 19.8511387
1669460918429 50.0547584 19.8511262
1669460919368 50.0547495 19.8511199
1669460920148 50.0547369 19.8511145
1669460921000 50.0547277 19.8511087
1669460921948 50.0547084 19.8511057
1669460922000 50.0547183 19.8511064
1669460922890 50.054694 19.8511047
1669460924508 50.0546787 19.8511024
1669460926130 50.054662 19.8511023
1669460927588 50.0546512 19.8510969
1669460929289 50.0546396 19.8510901
1669460931088 50.054625 19.8510827
1669460932728 50.054614 19.851079
1669460935000 50.0545958 19.8510762
1669460937000 50.054586 19.8510882
1669460941000 50.0545862 19.8511031
1669460944370 50.0545862 19.8510881
1669460946429 50.0545833 19.8510607
1669460948000 50.0545852 19.8510429
1669460949048 50.0545875 19.8510247
1669460950449 50.0545885 19.8510082
1669460951588 50.0545895 19.8509879
1669460953028 50.0545889 19.8509644
1669460954328 50.0545888 19.8509469
1669460955742 50.0545914 19.8509254
1669460958000 50.0545921 19.8509064
1669460959348 50.0545955 19.8508839
1669460961588 50.0546013 19.850856
1669460964000 50.0546071 19.8508383
1669460967000 50.0546196 19.8508251
1669460974330 50.0546245 19.8508124
1669460977000 50.0546275 19.8507782
1669460978309 50.0546297 19.8507565
1669460979148 50.0546293 19.8507421
1669460979611 50.0546276 19.8507254
1669460981548 50.0546242 19.8507026
1669460984000 50.0546208 19.8506786
1669460986000 50.0546193 19.8506634
1669461025000 50.0546161 19.8506767
1669461032000 50.0546168 19.8506555
1669461034000 50.0546159 19.850639
1669461036000 50.0546164 19.8506228
1669461039000 50.0546097 19.8506102
1669461041429 50.0546025 19.8505836
1669461044000 50.054598 19.8505601
1669461046000 50.0545954 19.8505362
1669461047000 50.0545924 19.8505217
1669461060000 50.0545841 19.8505159
1669461087000 50.0545813 19.8504951
1669461088088 50.054575 19.8504821
1669461091000 50.0545695 19.8504675
1669461095000 50.0545566 19.8504643
1669461098228 50.0545475 19.850466
1669461100728 50.0545393 19.8504506
1669461102249 50.0545324 19.8504409
1669461105000 50.0545311 19.850415
1669461107000 50.0545339 19.8503912
1669461109000 50.0545365 19.8503746
1669461111608 50.0545373 19.850355
1669461117000 50.0545453 19.8503465
1669461144000 50.0545364 19.8503407
1669461147000 50.0545335 19.8503189
1669461149409 50.054527 19.8503038
1669461151000 50.0545229 19.8502913
1669461153000 50.0545146 19.8502742
1669461154349 50.0545096 19.8502579
1669461155148 50.0545085 19.8502432
1669461157350 50.0545066 19.8502284
1669461160000 50.0545056 19.8502135
1669461183000 50.0544943 19.8502102
1669461184000 50.0544794 19.850196
1669461185000 50.0544665 19.8501822
1669461187000 50.0544591 19.8501622
1669461189000 50.0544737 19.8501618
1669461192000 50.0544827 19.8501669
1669461202968 50.0544797 19.8501499
1669461204588 50.054477 19.8501331
1669461206000 50.0544743 19.8501155
1669461207028 50.0544738 19.8500992
1669461208628 50.0544746 19.850085
1669461210000 50.0544751 19.850068
1669461212000 50.0544752 19.8500465
1669461214000 50.0544766 19.8500296
1669461214968 50.0544725 19.8500119
1669461215312 50.0544693 19.8499984
1669461217428 50.0544633 19.8499785
1669461219069 50.0544555 19.8499645
1669461221000 50.0544504 19.8499488
1669461222000 50.0544474 19.8499356
1669461229689 50.0544435 19.8499215
1669461232708 50.0544428 19.8499056
1669461236000 50.0544399 19.8498778
1669461238000 50.0544359 19.8498646
1669461246568 50.0544261 19.8498695
1669461250309 50.0544155 19.8498593
1669461251809 50.0544088 19.8498493
1669461254000 50.0544011 19.8498363
1669461255468 50.054391 19.8498183
1669461256969 50.0543786 19.8497969
1669461259000 50.0543732 19.8497829
1669461259891 50.0543706 19.8497684
1669461261308 50.0543687 19.8497494
1669461262710 50.0543677 19.8497292
1669461263308 50.0543667 19.8497148
1669461264670 50.0543658 19.8497003
1669461266128 50.0543566 19.8496752
1669461267468 50.054349 19.8496483
1669461269000 50.0543442 19.8496353
1669461270268 50.0543401 19.8496166
1669461271608 50.054336 19.8496012
1669461272388 50.0543327 19.849584
1669461274448 50.0543303 19.8495652
1669461276000 50.0543284 19.8495512
1669461277228 50.0543221 19.8495266
1669461278708 50.0543178 19.849513
1669461281000 50.0543139 19.849495
1669461282289 50.0543101 19.849475
1669461284000 50.0543067 19.8494543
1669461285150 50.0543033 19.8494348
1669461286609 50.054301 19.8494151
1669461287208 50.0542977 19.8493984
1669461289448 50.0542958 19.8493775
1669461291000 50.0542975 19.8493617
1669461292309 50.0542961 19.8493314
1669461294428 50.0542936 19.849312
1669461296000 50.0542905 19.8492952
1669461297408 50.0542852 19.8492671
1669461299648 50.054278 19.8492503
1669461302000 50.054269 19.8492386
1669461303569 50.0542609 19.8492266
1669461305590 50.0542531 19.849212
1669461308000 50.0542469 19.8491979
1669461342000 50.0542556 19.8491901
1669461345000 50.0542644 19.849177
1669461346350 50.0542608 19.849152
1669461347088 50.0542546 19.8491351
1669461347949 50.0542505 19.8491204
1669461349528 50.054245 19.849098
1669461350350 50.0542393 19.8490852
1669461351068 50.0542324 19.8490721
1669461352569 50.0542237 19.8490467
1669461354000 50.0542161 19.8490285
1669461354829 50.0542106 19.8490129
1669461356268 50.0542083 19.8489922
1669461357688 50.0542062 19.8489702
1669461359248 50.0541966 19.8489504
1669461360649 50.0541899 19.8489327
1669461362048 50.0541792 19.8489132
1669461363349 50.0541718 19.8488976
1669461364169 50.0541644 19.8488847
1669461365508 50.0541529 19.8488676
1669461366688 50.0541408 19.8488539
1669461367408 50.0541296 19.8488403
1669461369000 50.0541183 19.8488303
1669461370288 50.0541079 19.8488204
1669461371589 50.0540981 19.8488088
1669461372408 50.0540877 19.8487977
1669461373948 50.0540799 19.8487899
1669461376000 50.0540692 19.8487839
1669461376748 50.0540605 19.8487797
1669461377489 50.0540451 19.8487729
1669461378328 50.0540316 19.8487692
1669461379009 50.0540168 19.8487641
1669461380000 50.0540078 19.8487602
1669461380608 50.0539938 19.8487561
1669461381269 50.0539808 19.848754
1669461382053 50.0539687 19.8487541
1669461383000 50.0539549 19.8487535
1669461384390 50.0539422 19.8487547
1669461385889 50.0539326 19.8487567
1669461388000 50.0539189 19.8487603
1669461389709 50.0539079 19.8487632
1669461391368 50.0538983 19.8487689
1669461393000 50.0538841 19.8487724
1669461395290 50.05387 19.8487732
1669461397000 50.0538593 19.8487713
1669461398330 50.0538464 19.8487677
1669461400329 50.0538347 19.8487565
1669461401032 50.0538269 19.8487456
1669461403208 50.0538164 19.848733
1669461404568 50.0538087 19.8487204
1669461406000 50.0538041 19.8487064
1669461407310 50.0537972 19.8486916
1669461408610 50.0537901 19.8486771
1669461411000 50.053783 19.8486602
1669461412288 50.0537743 19.8486452
1669461413070 50.053766 19.848633
1669461415000 50.0537576 19.8486219
1669461415928 50.0537476 19.8486119
1669461417348 50.0537363 19.8486009
1669461419000 50.0537178 19.848584
1669461420128 50.053707 19.8485748
1669461421608 50.0536933 19.8485643
1669461423000 50.0536834 19.8485557
1669461423650 50.0536726 19.8485454
1669461425030 50.0536638 19.8485378
1669461426368 50.053656 19.8485292
1669461428449 50.053639 19.8485089
1669461430488 50.0536243 19.8485036
1669461431269 50.0536153 19.8485021
1669461432668 50.0536026 19.8484997
1669461434000 50.0535903 19.8484977
1669461436008 50.0535808 19.8484974
1669461436154 50.0535724 19.8484874
1669461439388 50.0535655 19.8484738
1669461441508 50.053561 19.8484581
1669461443000 50.0535538 19.8484405
1669461445000 50.0535496 19.8484261
1669461446248 50.0535397 19.8484074
1669461447528 50.0535287 19.8483874
1669461448949 50.0535204 19.8483771
1669461451000 50.0535101 19.8483714
1669461453088 50.0535096 19.8483881
1669461455000 50.0535107 19.8484066
1669461456290 50.0535111 19.8484271
1669461457030 50.0535114 19.8484454
1669461457609 50.0535114 19.8484649
1669461458248 50.0535118 19.8484846
1669461459000 50.0535124 19.8485035
1669461459589 50.053512 19.8485242
1669461460268 50.0535113 19.8485424
1669461461468 50.05351 19.848572
1669461462168 50.0535096 19.8485907
1669461463000 50.0535072 19.848611
1669461464128 50.0535086 19.8486308
1669461465568 50.0535049 19.8486469
1669461467000 50.053502 19.8486634
1669461467948 50.0534962 19.8486785
1669461470189 50.0534877 19.8486862
1669461472248 50.0534793 19.8486919
1669461473668 50.0534696 19.8487007
1669461476000 50.05346 19.8487128
1669461478000 50.0534546 19.8487361
1669461480000 50.0534515 19.8487546
1669461482000 50.0534448 19.8487726
1669461484000 50.0534367 19.8487883
1669461504000 50.0534463 19.8488125
1669461505000 50.0534473 19.8488344
1669461506648 50.0534524 19.8488472
1669461508000 50.0534543 19.8488669
1669461508928 50.0534524 19.8488806
1669461510088 50.0534493 19.8488962
1669461511248 50.0534442 19.8489144
1669461512329 50.0534378 19.8489334
1669461513488 50.0534326 19.8489524
1669461514708 50.0534236 19.8489734
1669461515468 50.0534122 19.848989
1669461515989 50.053402 19.8490018
1669461517000 50.053397 19.8490137
1669461517349 50.0533906 19.8490268
1669461518000 50.0533848 19.8490446
1669461519428 50.0533796 19.8490702
1669461521000 50.0533783 19.8490941
1669461521568 50.053378 19.8491102
1669461523008 50.0533797 19.8491453
1669461525000 50.0533841 19.8491604
1669461529000 50.053391 19.8491514
1669461532000 50.053394 19.849138
1669461535000 50.0533936 19.8491179
1669461536000 50.0533686 19.849069
1669461537000 50.0533522 19.8490354
1669461538000 50.0533354 19.8489996
1669461540000 50.0533233 19.8489726
1669461541000 50.0533193 19.8489596
1669461542000 50.0533129 19.8489331
1669461543000 50.0533088 19.8489165
1669461544000 50.053305 19.8488649
1669461545000 50.0533039 19.8488442
1669461546000 50.0533028 19.8488264
1669462134000 50.0520428 19.8497736
1669462135000 50.0520705 19.8498202
1669462136000 50.0520818 19.8498365
1669462138000 50.0520914 19.8498099
1669462139000 50.0520976 19.8497897
1669462140000 50.0521127 19.8497726
1669462141000 50.0521358 19.8497573
1669462142997 50.0521481 19.8497296
1669462148258 50.0521364 19.8497197
1669462150000 50.0521254 19.8497048
1669462151617 50.052114 19.8497022
1669462153597 50.0521042 19.8496975
1669462155457 50.0520956 19.849687
1669462156896 50.0520885 19.8496739
1669462158000 50.0520786 19.8496529
1669462159497 50.0520715 19.8496375
1669462160917 50.0520603 19.8496254
1669462162000 50.0520463 19.8496147
1669462164977 50.0520387 19.8496054
1669462167577 50.0520454 19.8495884
1669462169018 50.052051 19.8495758
1669462170000 50.0520581 19.8495664
1669462173017 50.0520475 19.8495612
1669462175117 50.0520371 19.8495645
1669462176616 50.052026 19.8495664
1669462177000 50.0520161 19.8495658
1669462179000 50.0519938 19.849562
1669462180537 50.0519809 19.8495601
1669462184587 50.0519709 19.8495621
1669462187000 50.0519606 19.8495601
1669462188948 50.0519501 19.8495657
1669462191129 50.0519374 19.8495667
1669462192567 50.0519277 19.8495666
1669462194678 50.0519186 19.8495582
1669462196897 50.0519102 19.8495475
1669462199000 50.0518997 19.8495349
1669462200648 50.0518905 19.8495322
1669462202868 50.0518759 19.8495185
1669462205000 50.0518663 19.849501
1669462207000 50.0518582 19.849488
1669462209000 50.0518479 19.8494799
1669462212000 50.051839 19.8494733
1669462215809 50.0518302 19.8494832
1669462245648 50.0518176 19.8494868
1669462247000 50.051808 19.8494938
1669462247968 50.0517971 19.8495009
1669462248848 50.0517815 19.8495067
1669462249687 50.0517627 19.8495101
1669462250468 50.0517468 19.8495112
1669462250831 50.0517287 19.8495089
1669462252000 50.0517171 19.84951
1669462253067 50.0517045 19.8495069
1669462253957 50.0516906 19.8495025
1669462254748 50.0516812 19.8495008
1669462256000 50.0516686 19.8494997
1669462257000 50.051659 19.8495001
1669462259247 50.0516497 19.8494938
1669462261000 50.0516398 19.8494858
1669462262000 50.0516333 19.8494761
1669462265000 50.0516254 19.849462
1669462270874 50.0516183 19.8494516
1669462273000 50.0516074 19.8494513
1669462275099 50.051596 19.8494515
1669462277000 50.0515849 19.8494515
1669462280000 50.0515768 19.8494612
1669462281758 50.0515669 19.8494625
1669462283000 50.0515559 19.8494623
1669462286000 50.0515469 19.8494617
1669462291618 50.0515522 19.8494765
1669462293000 50.0515594 19.8494911
1669462295000 50.0515651 19.8495052
1669462301000 50.051566 19.8495195
1669462303479 50.0515581 19.8495295
1669462305679 50.0515473 19.8495371
1669462307898 50.0515331 19.8495336
1669462311000 50.0515239 19.849524
1669462324000 50.0515324 19.8495287
1669462329459 50.051542 19.8495342
1669462330959 50.0515511 19.8495443
1669462331658 50.0515581 19.8495598
1669462332418 50.0515638 19.8495725
1669462334018 50.0515748 19.849593
1669462334798 50.0515788 19.8496097
1669462336000 50.0515823 19.8496393
1669462337098 50.0515862 19.8496576
1669462337918 50.0515897 19.8496719
1669462338758 50.051591 19.8496877
1669462339538 50.0515911 19.8497021
1669462341000 50.0515915 19.8497259
1669462342120 50.0515918 19.8497411
1669462343779 50.0515916 19.8497649
1669462346000 50.0515932 19.8497822
1669462371000 50.0515831 19.8497852
1669462389000 50.0515971 19.8497671
1669462390000 50.0516112 19.8497673
1669462391000 50.0516257 19.8497827
1669462392000 50.0516372 19.8498039
1669462393000 50.0516429 19.8498203
1669462396000 50.0516487 19.8498373
1669462451819 50.0516618 19.8498501
1669462453000 50.0516849 19.8498577
1669462454000 50.0517013 19.8498646
1669462455000 50.0517112 19.8498697
1669462457000 50.0517239 19.8498731
1669462470719 50.0517337 19.849871
1669462480959 50.0517274 19.8498828
1669462500000 50.0517336 19.8498671
1669462507000 50.0517424 19.8498725
1669462510499 50.0517515 19.8498714
1669462513000 50.0517622 19.8498762
1669462514120 50.0517708 19.8498809
1669462514838 50.0517835 19.8498931
1669462515599 50.0517965 19.8499107
1669462517058 50.0518131 19.8499271
1669462517798 50.0518251 19.8499384
1669462518000 50.0518346 19.8499469
1669462519000 50.0518441 19.8499498
1669462520018 50.051857 19.8499483
1669462521000 50.0518689 19.8499452
1669462522100 50.0518774 19.8499381
1669462523000 50.0518905 19.8499244
1669462524000 50.0518977 19.8499151
1669462524858 50.0519079 19.8499039
1669462525500 50.0519164 19.8498898
1669462526878 50.0519321 19.8498594
1669462528000 50.051943 19.8498311
1669462528939 50.0519548 19.8498098
1669462529640 50.0519637 19.849799
1669462530999 50.0519765 19.8497815
1669462532000 50.0519879 19.8497654
1669462533019 50.052 19.8497511
1669462533679 50.0520094 19.8497413
1669462535080 50.0520234 19.8497231
1669462535759 50.0520294 19.8497108
1669462537138 50.0520336 19.849694
1669462538000 50.0520332 19.849679
1669462540000 50.05204 19.8496665
1669462547600 50.0520434 19.8496517
1669462554458 50.0520476 19.8496389
1669462558658 50.0520573 19.8496489
1669462560000 50.0520628 19.8496608
1669462561458 50.0520692 19.8496759
1669462562678 50.0520759 19.8496889
1669462564099 50.0520829 19.8497064
1669462565619 50.0520883 19.8497212
1669462567819 50.0520916 19.8497459
1669462569000 50.0520937 19.8497622
1669462570698 50.0520965 19.8497823
1669462572140 50.0521004 19.8498011
1669462573000 50.052104 19.8498145
1669462574000 50.0521091 19.8498276
1669462575798 50.0521128 19.8498411
1669462578098 50.0521179 19.8498528
1669462579499 50.0521258 19.8498599
1669462580999 50.0521322 19.8498731
1669462583038 50.0521406 19.849888
1669462585000 50.0521493 19.849904
1669462586878 50.0521639 19.8499003
1669462588000 50.0521735 19.8498988
1669462589000 50.0521791 19.8499099
1669462590638 50.0521881 19.8499172
1669462592038 50.0521979 19.8499221
1669462593000 50.0522094 19.8499262
1669462594220 50.0522183 19.8499324
1669462595858 50.0522308 19.8499421
1669462597000 50.0522403 19.8499418
1669462598000 50.0522501 19.8499474
1669462599278 50.0522569 19.8499566
1669462600638 50.0522694 19.8499693
1669462602038 50.0522858 19.8499792
1669462602858 50.0522991 19.8499822
1669462604000 50.0523097 19.8499896
1669462605000 50.0523191 19.8499992
1669462606378 50.0523328 19.850003
1669462608000 50.0523442 19.8500024
1669462609958 50.0523533 19.8500002
1669462611139 50.052362 19.849994
1669462613420 50.0523671 19.8499803
1669462615000 50.0523788 19.8499807
1669462616000 50.0523888 19.8499883
1669462617658 50.0523956 19.8500025
1669462619000 50.0524 19.8500156
1669462620000 50.0524058 19.8500427
1669462621139 50.0524119 19.8500578
1669462621898 50.052418 19.8500711
1669462622618 50.0524226 19.8500865
1669462623999 50.0524305 19.8501098
1669462624738 50.0524347 19.8501276
1669462626020 50.0524379 19.8501482
1669462627619 50.0524346 19.8501705
1669462629059 50.0524312 19.8501836
1669462631000 50.052424 19.8501979
1669462632838 50.0524164 19.8502069
1669462634000 50.0524087 19.850219
1669462635839 50.052401 19.8502322
1669462637000 50.052395 19.8502449
1669462638839 50.0523899 19.8502623
1669462640000 50.0523871 19.8502767
1669462641000 50.052384 19.8502902
1669462642498 50.0523781 19.8503067
1669462643980 50.0523723 19.8503255
1669462646000 50.0523636 19.8503437
1669462647878 50.0523515 19.8503519
1669462649000 50.0523417 19.8503581
1669462651078 50.0523271 19.8503702
1669462652579 50.0523147 19.8503763
1669462654038 50.0523088 19.8503871
1669462655000 50.0523001 19.8504005
1669462656199 50.0522914 19.8504127
1669462657619 50.0522781 19.8504264
1669462659099 50.0522685 19.8504397
1669462660558 50.0522674 19.8504568
1669462662000 50.0522655 19.8504716
1669462665618 50.0522715 19.8504833
1669462666819 50.0522706 19.8504984
1669462668018 50.0522708 19.8505164
1669462669000 50.0522718 19.8505324
1669462670638 50.0522772 19.8505547
1669462671838 50.0522812 19.8505719
1669462673279 50.0522891 19.8505899
1669462674619 50.0522954 19.8506019
1669462675939 50.0523041 19.8506156
1669462676798 50.0523118 19.8506255
1669462678978 50.0523232 19.85064
1669462680000 50.0523295 19.8506528
1669462725000 50.0523484 19.850657
1669462727000 50.0523596 19.8506589
1669462756000 50.0523711 19.8506771
1669462757000 50.0523816 19.85068
1669462760000 50.0523908 19.850693
1669462761236 50.0524001 19.8507057
1669462762879 50.0524085 19.8507189
1669462764000 50.0524172 19.8507313
1669462766000 50.052428 19.8507322
1669462768038 50.0524385 19.8507188
1669462771000 50.0524476 19.8507099
1669462782000 50.0524491 19.8507246
1669462811000 50.0524429 19.850709
1669462829000 50.0524342 19.8507134
1669462836499 50.0524239 19.8507109
1669462871000 50.0524145 19.8507105
1669462891000 50.0524057 19.8507047
1669462911940 50.0524148 19.8507049
1669462914000 50.0524283 19.8507215
1669462915740 50.0524364 19.8507306
1669462917000 50.052445 19.8507364
1669462918741 50.0524549 19.8507554
1669462920000 50.0524614 19.8507726
1669462922022 50.0524716 19.8507884
1669462923642 50.0524841 19.8507989
1669462925000 50.0524914 19.8508092
1669462927002 50.0524886 19.8508308
1669462928800 50.0524836 19.8508496
1669462930560 50.0524813 19.8508645
1669462932000 50.052484 19.8508785
1669462934000 50.0524837 19.8508955
1669462939000 50.0524745 19.8508964
1669462943480 50.0524796 19.8509139
1669462944842 50.0524925 19.8509324
1669462946000 50.0525069 19.8509486
1669462946920 50.0525167 19.8509583
1669462947660 50.0525265 19.8509744
1669462949121 50.0525378 19.8509893
1669462950540 50.0525478 19.8510003
1669462951920 50.0525564 19.8510054
1669462953541 50.0525648 19.8510195
1669462956000 50.0525746 19.851026
1669462969000 50.0525649 19.8510245
1669462987000 50.0525651 19.8510413
1669462989961 50.0525724 19.8510542
1669462991640 50.0525781 19.8510716
1669462993000 50.0525851 19.8510878
1669462993942 50.0525906 19.8510991
1669462994720 50.0525959 19.8511135
1669462995440 50.0525986 19.8511276
1669462997102 50.0525996 19.8511535
1669462997961 50.0525999 19.8511703
1669462998781 50.052601 19.8511887
1669463000000 50.0526021 19.8512056
1669463002821 50.0526039 19.8512261
1669463004402 50.052609 19.8512413
1669463006900 50.0526182 19.8512515
1669463008000 50.0526274 19.8512604
1669463011000 50.0526378 19.8512749
1669463014100 50.0526487 19.8512774
1669463016000 50.0526587 19.8512761
1669463019982 50.0526577 19.8512601
1669463021380 50.0526568 19.8512338
1669463022660 50.0526571 19.8512092
1669463023960 50.0526605 19.8511794
1669463024520 50.0526604 19.8511605
1669463025820 50.0526603 19.8511327
1669463026520 50.0526597 19.851116
1669463027860 50.0526659 19.8510868
1669463028521 50.0526709 19.8510705
1669463029920 50.0526784 19.851047
1669463031000 50.0526805 19.8510279
1669463032000 50.0526835 19.8510113
1669463041000 50.0526746 19.8510188
1669463050480 50.0526653 19.8510151
1669463053000 50.0526574 19.8510303
1669463054680 50.052662 19.8510478
1669463056000 50.0526695 19.8510644
1669463059000 50.052679 19.8510626
1669463076682 50.0526739 19.8510777
1669463078000 50.052674 19.8510935
1669463081662 50.0526748 19.8511095
1669463083000 50.0526733 19.8511252
1669463084640 50.0526735 19.8511437
1669463086000 50.0526743 19.8511595
1669463087000 50.0526747 19.8511744
1669463088121 50.0526763 19.8511887
1669463089560 50.0526816 19.8512131
1669463090261 50.0526841 19.8512272
1669463091640 50.0526879 19.8512481
1669463092481 50.0526901 19.8512623
1669463093900 50.052694 19.8512767
1669463095402 50.0526957 19.8512972
1669463096901 50.0526998 19.851312
1669463098442 50.0527069 19.8513237
1669463099901 50.052715 19.8513323
1669463101000 50.0527271 19.8513473
1669463102041 50.0527342 19.8513577
1669463103402 50.0527468 19.8513736
1669463105041 50.0527621 19.8513805
1669463105821 50.0527773 19.8513854
1669463107000 50.0528037 19.8514075
1669463108000 50.0528154 19.8514165
1669463109000 50.0528222 19.8514279
1669463111000 50.0528287 19.8514457
1669463114000 50.0528281 19.8514646
1669463116382 50.0528314 19.8514888
1669463117822 50.0528378 19.8515077
1669463119000 50.0528384 19.8515275
1669463120782 50.0528369 19.8515445
1669463122880 50.0528356 19.8515626
1669463124000 50.052837 19.8515787
1669463125641 50.0528473 19.8515891
1669463127820 50.0528583 19.8515956
1669463129000 50.0528713 19.8516062
1669463130641 50.0528848 19.8516213
1669463132161 50.0528931 19.8516391
1669463133620 50.0529028 19.8516456
1669463135122 50.052912 19.8516523
1669463156000 50.0529113 19.8516362
1669463170000 50.0529224 19.8516487
1669463172000 50.0529324 19.851662
1669463173701 50.0529474 19.8516766
1669463175000 50.0529601 19.8516856
1669463176000 50.0529728 19.8516922
1669463177000 50.0529863 19.8517034
1669463178234 50.0529946 19.8517151
1669463180000 50.0530041 19.8517336
1669463181000 50.0530067 19.8517595
1669463182000 50.0530059 19.8517807
1669463184000 50.0530048 19.8518034
1669463187000 50.0530107 19.8518211
1669463189821 50.0530178 19.8518311
1669463206441 50.0530201 19.8518173
1669463209000 50.053034 19.8518154
1669463210000 50.0530441 19.8518172
1669463211000 50.053057 19.8518239
1669463211981 50.0530663 19.8518283
1669463212741 50.0530752 19.8518328
1669463213441 50.0530839 19.8518383
1669463214882 50.0530952 19.8518447
1669463216000 50.053106 19.8518456
1669463218000 50.0531181 19.8518526
1669463219122 50.0531244 19.8518628
1669463222060 50.0531323 19.8518875
1669463222882 50.0531345 19.8519056
1669463223501 50.0531347 19.85192
1669463225042 50.0531362 19.8519441
1669463225821 50.0531387 19.8519585
1669463227000 50.0531388 19.8519827
1669463228000 50.053139 19.8520007
1669463229840 50.053137 19.8520204
1669463410000 50.0532649 19.8521685
1669463411000 50.05328 19.8521731
1669463412000 50.0532898 19.8521732
1669463414000 50.0533038 19.8521608
1669463420000 50.0533165 19.8521722
1669463427000 50.0533221 19.8521575
1669463430206 50.0533334 19.8521614
1669463431167 50.0533427 19.8521602
1669463434000 50.0533534 19.852161
1669463436187 50.0533663 19.8521565
1669463438000 50.0533768 19.8521618
1669463439707 50.0533855 19.852166
1669463442000 50.0533931 19.8521739
1669463445126 50.0534034 19.8521739
1669463446507 50.0534144 19.8521717
1669463448000 50.0534263 19.8521658
1669463449240 50.0534352 19.8521609
1669463451167 50.0534462 19.8521507
1669463452726 50.0534513 19.8521371
1669463455066 50.0534498 19.852117
1669463456000 50.0534479 19.8521018
1669463458127 50.0534459 19.8520845
1669463459527 50.0534417 19.8520684
1669463461145 50.0534359 19.8520494
1669463463000 50.0534315 19.8520325
1669463464826 50.0534257 19.8520163
1669463466000 50.0534184 19.852
1669463468766 50.0534146 19.8519793
1669463470127 50.0534101 19.8519669
1669463470927 50.0534049 19.8519554
1669463473000 50.0534008 19.851938
1669463475000 50.0533989 19.8519242
1669463488000 50.0533917 19.8519157
1669463492000 50.0533831 19.851927
1669463497000 50.0533772 19.8519389
1669463505000 50.0533773 19.8519207
1669463509000 50.0533808 19.8519057
1669463511000 50.0533895 19.8518968
1669463515000 50.0533999 19.8519021
1669463518000 50.0534049 19.8519139
1669463529000 50.053405 19.8519284
1669463541000 50.0534143 19.8519414
1669463542000 50.0534234 19.8519489
1669463545000 50.0534329 19.8519458
1669463547000 50.0534445 19.8519475
1669463555000 50.0534354 19.8519445
1669463562000 50.0534455 19.8519548
1669463619000 50.0534289 19.8518893
1669463620000 50.0534258 19.8518679
1669463623000 50.0534214 19.8518531
1669463632186 50.053415 19.8518651
1669463637000 50.0534178 19.8518514
1669463697000 50.0534085 19.8518618
1669463699000 50.0533975 19.8518689
1669463702000 50.0533964 19.8518544
1669463705000 50.0533961 19.8518392
1669463722000 50.0533911 19.8518529
1669463847000 50.0533985 19.8518432
1669463856000 50.0533903 19.8518227
1669463857000 50.0533844 19.8518023
1669463858508 50.0533753 19.8517825
1669463860007 50.0533682 19.8517644
1669463861470 50.0533588 19.8517425
1669463862183 50.0533521 19.851727
1669463863627 50.0533461 19.8517094
1669463865068 50.05334 19.8516896
1669463866000 50.0533363 19.8516723
1669463867000 50.0533325 19.8516572
1669463868928 50.0533299 19.8516426
1669463870508 50.0533362 19.8516288
1669463872000 50.0533465 19.8516121
1669463873967 50.0533513 19.8515916
1669463876008 50.0533588 19.8515741
1669463877227 50.0533639 19.8515383
1669463878627 50.0533661 19.8515145
1669463880109 50.0533701 19.8514942
1669463882000 50.0533765 19.8514702
1669463885907 50.0533862 19.8514682
1669463887908 50.0533963 19.8514666
1669463889270 50.0534051 19.8514745
1669463890587 50.0534141 19.8514829
1669463891727 50.0534221 19.8514937
1669463892000 50.0534293 19.8515024
1669463893747 50.053438 19.8515274
1669463894527 50.0534422 19.8515432
1669463896000 50.0534511 19.8515813
1669463898000 50.0534612 19.8516181
1669463900000 50.0534708 19.8516394
1669463903007 50.053477 19.8516533
1669463905167 50.053484 19.8516714
1669463906687 50.0534882 19.8516853
1669463908000 50.0534963 19.8516987
1669463915527 50.0534975 19.8517146
1669463915731 50.0535058 19.8517236
1669463917049 50.0535133 19.851734
1669463917767 50.0535257 19.8517483
1669463919000 50.0535425 19.85177
1669463920000 50.0535505 19.851783
1669463920788 50.0535583 19.8517956
1669463921688 50.0535621 19.8518095
1669463923000 50.0535623 19.8518291
1669463925000 50.053562 19.8518461
1669463926527 50.0535622 19.8518627
1669463928047 50.0535664 19.8518799
1669463930000 50.053571 19.8518978
1669463945007 50.0535762 19.8519168
1669463946708 50.0535769 19.8519338
1669463948000 50.0535795 19.8519481
1669463951000 50.0535764 19.8519632
1669463973000 50.0535676 19.8519587
1669463976969 50.0535701 19.8519733
1669463979027 50.053574 19.8519906
1669463981000 50.0535724 19.852007
1669464018000 50.0535877 19.852003
1669464020000 50.0535953 19.8519942
1669464030000 50.0536019 19.8519821
1669464032000 50.0536141 19.8519712
1669464038647 50.0536254 19.8519671
1669464040867 50.0536365 19.8519691
1669464042808 50.0536494 19.8519824
1669464044607 50.0536637 19.8519962
1669464046000 50.0536727 19.8519962
1669464048287 50.0536818 19.8520016
1669464051000 50.0536942 19.8519963
1669464052687 50.053705 19.8519942
1669464054148 50.053717 19.8519924
1669464055000 50.0537285 19.8519944
1669464056847 50.0537418 19.8519998
1669464058000 50.0537538 19.8520024
1669464059608 50.0537683 19.8520054
1669464061128 50.0537831 19.8520031
1669464062000 50.0538017 19.8520057
1669464063828 50.0538121 19.8520102
1669464065187 50.0538207 19.8520143
1669464068008 50.0538347 19.8520083
1669464070000 50.0538377 19.8519939
1669464072127 50.0538374 19.851971
1669464073000 50.0538331 19.85195
1669464075000 50.053829 19.8519333
1669464077047 50.0538279 19.8519167
1669464079000 50.0538216 19.8519024
1669464080009 50.0538153 19.851888
1669464080808 50.0538112 19.8518755
1669464081627 50.0538069 19.8518594
1669464082527 50.053801 19.8518287
1669464083988 50.0537968 19.8518044
1669464084000 50.0537926 19.8517915
1669464085387 50.0537841 19.8517627
1669464086668 50.0537732 19.8517398
1669464088027 50.0537639 19.8517145
1669464088887 50.0537596 19.8516988
1669464089428 50.0537532 19.8516851
1669464090807 50.0537438 19.8516644
1669464092000 50.0537353 19.8516472
1669464093008 50.0537308 19.8516339
1669464094147 50.0537255 19.851614
1669464095000 50.0537209 19.8515962
1669464096947 50.0537139 19.8515754
1669464097467 50.0537089 19.8515635
1669464099000 50.0537051 19.8515471
1669464100867 50.0537005 19.8515272
1669464102000 50.0536961 19.8515107
1669464103000 50.0536917 19.8514951
1669464104989 50.0536888 19.8514734
1669464106927 50.0536869 19.8514538
1669464108000 50.0536831 19.8514356
1669464110000 50.0536744 19.8514234
1669464112087 50.0536606 19.851418
1669464112867 50.0536514 19.8514112
1669464114967 50.0536447 19.8513947
1669464116000 50.0536413 19.8513816
1669464117008 50.0536385 19.8513672
1669464117707 50.0536347 19.8513479
1669464119007 50.0536328 19.8513317
1669464120000 50.0536286 19.8513125
1669464121000 50.0536226 19.8512968
1669464122267 50.0536169 19.8512783
1669464123047 50.0536126 19.8512599
1669464124867 50.0536066 19.8512456
1669464126187 50.0536033 19.8512314
1669464127569 50.0535998 19.8512036
1669464130000 50.0535929 19.8511852
1669464131809 50.0535895 19.8511668
1669464133000 50.0535837 19.8511423
1669464134688 50.0535768 19.8511257
1669464135927 50.0535708 19.8511106
1669464137000 50.0535646 19.851097
1669464138007 50.0535556 19.8510825
1669464139528 50.0535478 19.8510669
1669464140828 50.0535421 19.8510536
1669464142000 50.0535366 19.8510407
1669464142868 50.0535347 19.8510266
1669464144988 50.0535329 19.8510058
1669464146549 50.053532 19.8509826
1669464148068 50.0535282 19.8509606
1669464150227 50.0535233 19.8509379
1669464151687 50.0535186 19.8509208
1669464152408 50.0535156 19.8509071
1669464154000 50.0535141 19.8508929
1669464155907 50.0535123 19.8508755
1669464157907 50.0535047 19.8508493
1669464159000 50.0534992 19.8508378
1669464160087 50.0534919 19.8508273
1669464161000 50.0534824 19.8508164
1669464162000 50.0534746 19.8508068
1669464163000 50.0534653 19.850796
1669464165000 50.0534565 19.8507889
1669464169000 50.0534537 19.8508023
1669464171589 50.0534489 19.8507884
1669464173147 50.0534483 19.8507669
1669464174547 50.0534515 19.8507461
1669464175887 50.0534525 19.8507257
1669464177000 50.0534534 19.8507063
1669464178128 50.0534536 19.8506887
1669464179000 50.0534531 19.8506736
1669464180307 50.0534517 19.850659
1669464181867 50.0534498 19.8506429
1669464183000 50.0534456 19.850623
1669464185000 50.0534393 19.8506049
1669464186568 50.0534346 19.8505871
1669464187767 50.0534257 19.8505646
1669464189000 50.0534179 19.8505554
1669464190588 50.0534108 19.8505423
1669464192000 50.0534081 19.8505286
1669464193807 50.0534031 19.85051
1669464195167 50.0533971 19.8504944
1669464196000 50.0533891 19.8504804
1669464197827 50.0533771 19.8504593
1669464199149 50.0533701 19.8504428
1669464200000 50.0533622 19.8504225
1669464201000 50.0533576 19.8504089
1669464201770 50.0533534 19.8503959
1669464202448 50.0533482 19.8503779
1669464204000 50.0533408 19.8503658
1669464205847 50.0533306 19.8503611
1669464207000 50.0533211 19.850361
1669464209000 50.0533113 19.850366
1669464214588 50.0533089 19.8503801
1669464218000 50.0533074 19.8504
1669464224000 50.0533167 19.8503984
1669464226420 50.0533203 19.8503765
1669464227787 50.0533229 19.8503606
1669464229187 50.0533242 19.8503453
1669464230000 50.0533262 19.8503266
1669464231000 50.0533266 19.8503108
1669464232948 50.0533224 19.8502749
1669464234000 50.0533166 19.8502577
1669464235000 50.0533111 19.8502411
1669464236747 50.0533059 19.8502214
1669464238128 50.0532993 19.8502012
1669464239000 50.0532903 19.8501785
1669464240048 50.0532824 19.8501595
1669464241000 50.0532764 19.850147
1669464242527 50.0532661 19.850129
1669464243807 50.0532575 19.8501116
1669464245214 50.0532487 19.8500809
1669464247000 50.0532425 19.8500647
1669464249000 50.0532372 19.8500477
1669464250000 50.0532316 19.8500345
1669464255000 50.0532358 19.8500215
1669464258627 50.0532379 19.8500069
1669464260000 50.0532339 19.8499872
1669464261929 50.0532296 19.8499713
1669464263000 50.0532223 19.8499574
1669464264967 50.0532079 19.8499438
1669464266000 50.0531986 19.8499378
1669464268167 50.0531873 19.8499344
1669464270000 50.0531781 19.8499357
1669464271747 50.0531695 19.8499406
1669464274448 50.0531597 19.8499509
1669464277000 50.0531589 19.849965
1669464280000 50.0531603 19.8499795
1669464286000 50.0531503 19.8499882
1669464297000 50.0531481 19.8499743
1669464303000 50.0531546 19.8499843
1669464312000 50.0531634 19.84999
1669464315587 50.053173 19.8499819
1669464317000 50.0531769 19.8499685
1669464318000 50.0531817 19.8499512
1669464319167 50.0531869 19.849928
1669464319868 50.0531911 19.8499067
1669464320848 50.0531964 19.8498811
1669464321907 50.0532033 19.849858
1669464322828 50.0532116 19.8498398
1669464324000 50.0532243 19.8498264
1669464326000 50.0532423 19.8498166
1669464330000 50.0532511 19.8498202
1669464336028 50.0532403 19.8498212
1669464337588 50.0532312 19.8498124
1669464338412 50.053224 19.8498036
1669464339587 50.0532155 19.8497904
1669464340888 50.0532058 19.8497786
1669464342167 50.0531954 19.849769
1669464343000 50.0531857 19.8497589
1669464345000 50.0531801 19.8497415
1669464346927 50.0531805 19.8497245
1669464348000 50.0531814 19.8497104
1669464351000 50.0531839 19.8496847
1669464362967 50.0531933 19.8496931
1669464364188 50.0532032 19.8496842
1669464365000 50.0532164 19.8496749
1669464367847 50.0532222 19.8496615
1669464369607 50.0532303 19.8496519
1669464371438 50.0532431 19.8496439
1669464372568 50.0532541 19.8496351
1669464372770 50.0532658 19.849623
1669464374447 50.0532756 19.8496135
1669464375707 50.0532851 19.8496004
1669464377047 50.0532937 19.8495824
1669464378000 50.0532995 19.8495646
1669464378908 50.053305 19.8495462
1669464380027 50.0533092 19.8495335
1669464381928 50.0533183 19.8495197
1669464383667 50.0533265 19.8495057
1669464385007 50.0533351 19.8494924
1669464386768 50.0533428 19.8494813
1669464388088 50.0533521 19.8494699
1669464389000 50.0533643 19.8494626
1669464390388 50.0533835 19.8494585
1669464391887 50.0533946 19.8494529
1669464393148 50.0534053 19.849447
1669464394327 50.0534156 19.8494478
1669464395547 50.0534287 19.8494508
1669464396788 50.0534417 19.8494456
1669464398048 50.0534539 19.8494338
1669464398787 50.0534612 19.8494206
1669464399868 50.0534693 19.849404
1669464401068 50.0534808 19.8493907
1669464402948 50.0534892 19.8493777
1669464404827 50.0534959 19.8493677
1669464406048 50.0535049 19.8493622
1669464408209 50.05352 19.8493568
1669464410928 50.0535317 19.8493588
1669464415000 50.0535403 19.849367
1669464422987 50.0535318 19.8493601
1669464425187 50.053539 19.8493517
1669464427000 50.0535501 19.8493476
1669464428928 50.0535599 19.8493465
1669464431000 50.0535675 19.8493384
1669464434000 50.0535747 19.8493287
1669464443808 50.0535764 19.8493141
1669464445807 50.0535824 19.8492987
1669464447000 50.0535896 19.8492882
1669464449000 50.0535974 19.8492716
1669464451188 50.0536105 19.8492583
1669464452307 50.0536217 19.8492483
1669464453629 50.0536328 19.8492365
1669464454867 50.053643 19.8492283
1669464455388 50.053653 19.8492235
1669464457000 50.0536659 19.8492187
1669464458987 50.0536772 19.8492124
1669464460000 50.0536882 19.849209
1669464460827 50.0537014 19.8492067
1669464461987 50.053714 19.8492073
1669464463000 50.0537266 19.8492088
1669464468847 50.0537367 19.8492141
1669464471988 50.0537372 19.8491976
1669464474000 50.053744 19.8491812
1669464479000 50.0537532 19.8491774
1669464526000 50.0537446 19.8491817
1669464528000 50.0537443 19.8491961
1669464530000 50.0537433 19.8492122
1669464531000 50.0537467 19.8492275
1669464533147 50.053747 19.8492473
1669464534000 50.05374 19.8492882
1669464535147 50.0537349 19.8493193
1669464535808 50.0537311 19.8493403
1669464536547 50.0537285 19.8493601
1669464538000 50.0537282 19.8493919
1669464539000 50.0537309 19.8494063
1669464540347 50.0537351 19.8494204
1669464541048 50.053738 19.8494364
1669464543070 50.0537432 19.8494518
1669464544000 50.0537506 19.8494616
1669464545648 50.0537582 19.8494738
1669464547067 50.0537644 19.8494898
1669464548967 50.053774 19.8495035
1669464550967 50.0537842 19.8495198
1669464553147 50.0537921 19.8495342
1669464554000 50.0537995 19.8495465
1669464555667 50.0538084 19.8495646
1669464557027 50.0538148 19.8495856
1669464557688 50.0538178 19.8496018
1669464558000 50.0538202 19.849616
1669464558988 50.0538224 19.8496319
1669464559607 50.0538253 19.849652
1669464560987 50.0538289 19.8496683
1669464562000 50.0538358 19.8496874
1669464563000 50.0538443 19.8497032
1669464564807 50.0538531 19.8497262
1669464566168 50.0538595 19.8497436
1669464567000 50.0538653 19.8497564
1669464568747 50.0538734 19.84977
1669464569987 50.0538795 19.8497842
1669464571000 50.053891 19.8498116
1669464572547 50.053898 19.8498225
1669464573767 50.0539019 19.8498375
1669464575127 50.0539075 19.8498532
1669464576000 50.0539126 19.8498652
1669464577707 50.0539191 19.8498831
1669464579007 50.0539239 19.8498971
1669464580000 50.0539272 19.8499122
1669464581007 50.0539314 19.8499317
1669464582000 50.0539331 19.8499467
1669464583688 50.0539355 19.849963
1669464584947 50.0539394 19.8499798
1669464586000 50.0539432 19.8499936
1669464587747 50.0539501 19.8500125
1669464589087 50.0539579 19.850029
1669464590000 50.0539629 19.8500422
1669464591128 50.0539697 19.8500604
1669464592417 50.0539757 19.8500713
1669464593567 50.05398 19.8500845
1669464594987 50.0539854 19.8501018
1669464596208 50.0539929 19.8501303
1669464597429 50.0539978 19.8501464
1669464598667 50.0540052 19.8501647
1669464599867 50.0540136 19.8501847
1669464601000 50.0540224 19.8502006
1669464602000 50.0540294 19.8502103
1669464603268 50.054036 19.8502217
1669464604467 50.0540418 19.8502367
1669464606000 50.0540491 19.8502598
1669464607709 50.0540555 19.8502787
1669464608987 50.0540621 19.8502989
1669464609647 50.0540661 19.8503143
1669464611000 50.0540764 19.8503512
1669464612000 50.0540805 19.8503649
1669464613529 50.054085 19.8503889
1669464614827 50.0540878 19.8504032
1669464616128 50.0540894 19.850418
1669464616787 50.0540895 19.8504333
1669464618000 50.0540902 19.850457
1669464619000 50.0540889 19.8504744
1669464620308 50.0540853 19.8504918
1669464621607 50.0540847 19.8505072
1669464623000 50.0540873 19.8505254
1669464624867 50.0540918 19.850543
1669464626000 50.0540955 19.8505624
1669464627867 50.0540974 19.8505792
1669464629000 50.0540992 19.8505931
1669464632000 50.0540975 19.8506114
1669464637000 50.0540964 19.8505973
1669464656527 50.0541059 19.8505992
1669464658000 50.054113 19.8506132
1669464659767 50.0541209 19.8506299
1669464663000 50.0541227 19.8506441
1669464667000 50.0541332 19.850646
1669464693000 50.0541416 19.8506358
1669464694000 50.0541457 19.8506165
1669464697107 50.0541465 19.850598
1669464698067 50.0541398 19.8505867
1669464698708 50.0541332 19.8505761
1669464699828 50.054129 19.8505547
1669464700000 50.0541281 19.8505368
1669464701768 50.0541276 19.8505091
1669464702887 50.054126 19.8504887
1669464704000 50.0541262 19.8504646
1669464704908 50.054129 19.850448
1669464706887 50.0541442 19.8504183
1669464707927 50.054152 19.850405
1669464709067 50.054159 19.8503846
1669464710000 50.054164 19.8503639
1669464711327 50.0541687 19.8503428
1669464713000 50.0541756 19.850331
1669464715969 50.0541818 19.8503201
1669464717927 50.0541904 19.850311
1669464720000 50.0542008 19.8502987
1669464721000 50.0542182 19.8502951
1669464722427 50.0542291 19.8502963
1669464724127 50.0542397 19.8502889
1669464727000 50.0542557 19.8502796
1669464737507 50.0542657 19.8502894
1669464738568 50.0542748 19.8502852
1669464740000 50.0542856 19.8502827
1669464745000 50.0542913 19.8502953
1669464755607 50.0543001 19.8502876
1669464757000 50.0543091 19.850283
1669464759000 50.0543186 19.8502788
1669464761388 50.0543279 19.8502756
1669464764067 50.0543369 19.8502782
1669464769967 50.0543474 19.8502747
1669464771000 50.0543551 19.8502666
1669464772000 50.0543646 19.8502712
1669464774000 50.0543767 19.8502808
1669464777000 50.0543857 19.8502843
1669464795000 50.0543965 19.8502834
1669464798000 50.0544079 19.8502927
1669464806947 50.0544112 19.8502735
1669464809000 50.0544178 19.8502621
1669464810647 50.0544247 19.8502467
1669464811828 50.0544324 19.8502295
1669464813129 50.054445 19.8502139
1669464813767 50.0544553 19.850209
1669464814867 50.0544688 19.8502047
1669464816068 50.0544865 19.8502097
1669464817000 50.0545083 19.8502312
1669464818127 50.0545145 19.8502453
1669464818767 50.0545162 19.8502598
1669464819908 50.0545186 19.8502796
1669464821000 50.0545245 19.8502966
1669464821868 50.0545331 19.8503112
1669464823000 50.0545401 19.8503234
1669464824508 50.0545472 19.8503434
1669464825948 50.0545568 19.8503634
1669464826608 50.0545642 19.850378
1669464827000 50.0545788 19.8504052
1669464828087 50.0545842 19.8504165
1669464829507 50.0545923 19.8504359
1669464939591 50.0543455 19.8506356
1669464940000 50.0542859 19.8508637
1669464941000 50.0542838 19.8508927
1669464942000 50.0542713 19.8509272
1669464943000 50.0542683 19.8509412
1669464944000 50.0542789 19.8509635
1669464945000 50.0542939 19.8509973
1669464946000 50.0542953 19.8510414
1669464947000 50.0542911 19.8510605
1669464948000 50.054286 19.8510833
1669464949266 50.0542844 19.8511007
1669464950526 50.0542839 19.851117
1669464951146 50.0542851 19.8511337
1669464953026 50.0542928 19.8511554
1669464954000 50.0543016 19.8511731
1669464954886 50.0543079 19.8511845
1669464956105 50.0543208 19.8512118
1669464957000 50.0543272 19.8512237
1669464958000 50.0543323 19.851237
1669464959000 50.0543442 19.8512499
1669464960587 50.0543551 19.8512636
1669464961207 50.0543617 19.8512774
1669464962986 50.0543647 19.8512962
1669464964000 50.0543657 19.8513112
1669464965447 50.054369 19.8513273
1669464966128 50.0543742 19.8513409
1669464967947 50.0543795 19.851357
1669464968988 50.0543823 19.8513706
1669464970000 50.054386 19.851386
1669464971029 50.0543917 19.8514092
1669464972000 50.0543947 19.8514231
1669464973000 50.0543982 19.8514364
1669464974749 50.0544031 19.8514533
1669464976000 50.0544099 19.8514813
1669464977000 50.0544155 19.8514999
1669464978000 50.0544194 19.8515155
1669464978888 50.0544227 19.8515311
1669464979548 50.054426 19.8515452
1669464980747 50.0544323 19.8515698
1669464981000 50.0544377 19.8515911
1669464982000 50.0544465 19.8516071
1669464983067 50.0544516 19.8516196
1669464984000 50.0544569 19.8516349
1669464985000 50.054461 19.851648
1669464986000 50.054466 19.851664
1669464988000 50.0544702 19.8516835
1669464990000 50.0544708 19.8517
1669464992767 50.0544664 19.8516868
1669464994967 50.0544499 19.8516918
1669464996000 50.0544348 19.8516961
1669464998000 50.054419 19.8516992
1669465000000 50.05441 19.8516943
1669465010000 50.0544212 19.8516921
1669465012508 50.0544332 19.8517087
1669465014047 50.0544423 19.851719
1669465015468 50.054452 19.8517214
1669465017087 50.0544605 19.8517283
1669465018000 50.0544675 19.8517372
1669465019000 50.0544734 19.8517503
1669465020767 50.0544799 19.8517664
1669465022627 50.0544804 19.8517852
1669465028000 50.0544781 19.8518002
1669465034167 50.0544887 19.8518114
1669465034755 50.0544973 19.8518222
1669465036000 50.0545052 19.8518346
1669465037409 50.0545101 19.8518497
1669465038729 50.0545155 19.8518654
1669465040127 50.0545232 19.8518809
1669465041348 50.0545314 19.8519033
1669465042687 50.0545383 19.8519157
1669465044027 50.0545455 19.8519276
1669465045327 50.0545516 19.8519404
1669465046667 50.0545556 19.851953
1669465047928 50.0545597 19.851971
1669465049108 50.0545621 19.8519857
1669465050000 50.0545642 19.8519996
1669465051689 50.0545637 19.8520226
1669465053668 50.0545634 19.8520435
1669465055169 50.0545633 19.8520607
1669465056000 50.0545629 19.8520759
1669465058027 50.054562 19.8521008
1669465060000 50.0545614 19.8521187
1669465078000 50.0545526 19.8521133
1669465197000 50.0545473 19.8521341
1669465200000 50.054546 19.8521193
1669465201000 50.0545478 19.8520985
1669465202000 50.0545474 19.8520685
1669465203000 50.0545339 19.852052
1669465204000 50.0545198 19.8520424
1669465212000 50.0545274 19.8520578
1669465214000 50.0545358 19.8520763
1669465216000 50.0545412 19.8520948
1669465217000 50.0545469 19.8521099
1669465218000 50.0545561 19.8521266
1669465219000 50.0545742 19.8521502
1669465220000 50.0545888 19.8521763
1669465221000 50.0545996 19.8522038
1669465222000 50.0546046 19.8522168
1669465224000 50.0546154 19.8522431
1669465226000 50.0546236 19.8522561
1669465228000 50.0546324 19.8522748
1669465230000 50.0546412 19.8522944
1669465232000 50.0546457 19.8523227
1669465233000 50.0546466 19.852349
1669465234000 50.0546494 19.8523735
1669465235000 50.0546595 19.8523982
1669465236000 50.0546665 19.8524163
1669465237000 50.0546718 19.8524298
1669465238000 50.0546804 19.8524383
1669465240000 50.0546979 19.8524549
1669465241000 50.0547065 19.8524678
1669465242000 50.0547143 19.8524781
1669465244000 50.0547222 19.8525008
1669465246000 50.0547234 19.8525293
1669465248000 50.0547246 19.852558
1669465250000 50.0547224 19.8525755
1669465269000 50.0547146 19.8525871
1669465271000 50.0547257 19.8525883
1669465286000 50.0547338 19.8525955
1669465288000 50.0547424 19.8526141
1669465290000 50.0547474 19.8526349
1669465291807 50.0547525 19.8526471
1669465293000 50.0547564 19.8526614
1669465294927 50.0547622 19.8526731
1669465297188 50.0547681 19.8526849
1669465299000 50.0547775 19.8526987
1669465300888 50.0547887 19.8527123
1669465302000 50.0548023 19.852728
1669465302958 50.0548117 19.8527396
1669465304000 50.0548269 19.8527611
1669465305108 50.0548336 19.8527711
1669465306000 50.0548407 19.8527856
1669465307908 50.0548459 19.8528055
1669465310000 50.054853 19.8528198
1669465314188 50.054862 19.8528291
1669465317828 50.0548692 19.852843
1669465322000 50.0548731 19.8528621
1669465323000 50.0548736 19.8528784
1669465324000 50.0548756 19.8528952
1669465325008 50.0548769 19.8529097
1669465326000 50.054878 19.8529358
1669465326977 50.0548793 19.8529505
1669465328000 50.0548812 19.852971
1669465329070 50.0548821 19.8529854
1669465330000 50.0548799 19.8530119
1669465330976 50.0548787 19.8530259
1669465332000 50.0548736 19.8530463
1669465333168 50.0548655 19.8530647
1669465333728 50.0548575 19.8530763
1669465335147 50.0548435 19.8530967
1669465335807 50.0548313 19.8531066
1669465336488 50.0548192 19.8531139
1669465337688 50.0548029 19.8531215
1669465339108 50.0547874 19.8531263
1669465339787 50.0547781 19.8531255
1669465341188 50.0547646 19.8531276
1669465342000 50.0547558 19.8531312
1669465343928 50.0547411 19.8531323
1669465345000 50.0547312 19.8531329
1669465346487 50.054719 19.8531401
1669465347828 50.0547092 19.8531524
1669465348628 50.0547036 19.8531635
1669465349974 50.0546948 19.85318
1669465351000 50.0546875 19.8531934
1669465352000 50.0546801 19.8532057
1669465353000 50.0546722 19.8532162
1669465354627 50.0546611 19.8532326
1669465355974 50.0546505 19.8532471
1669465357000 50.0546392 19.8532571
1669465358768 50.0546244 19.8532653
1669465360188 50.0546114 19.853274
1669465361000 50.0546003 19.8532803
1669465362974 50.0545858 19.853288
1669465364000 50.0545738 19.8532962
1669465365000 50.054564 19.8533042
1669465366428 50.0545541 19.853311
1669465367988 50.0545424 19.8533185
1669465369667 50.0545334 19.85333
1669465371347 50.0545274 19.8533414
1669465373767 50.0545285 19.8533567
1669465378028 50.0545372 19.8533524
1669465379000 50.0545458 19.853366
1669465380568 50.0545557 19.8533861
1669465381908 50.0545641 19.8534041
1669465383147 50.0545715 19.8534211
1669465384467 50.054581 19.8534369
1669465386007 50.0545879 19.8534484
1669465387528 50.0545926 19.8534624
1669465389000 50.054597 19.8534757
1669465391000 50.0546011 19.8534886
1669465401000 50.0545908 19.8534906
1669465421000 50.0545903 19.8534742
1669465424000 50.054587 19.8534577
1669465426828 50.0545861 19.8534436
1669465428728 50.0545836 19.8534272
1669465429888 50.0545769 19.8534098
1669465431068 50.0545697 19.8533917
1669465431647 50.0545633 19.8533772
1669465432889 50.0545541 19.8533587
1669465433507 50.0545472 19.8533448
1669465434788 50.0545381 19.8533256
1669465436068 50.054528 19.8533121
1669465437408 50.0545127 19.8533133
1669465438728 50.0545021 19.8533221
1669465440028 50.054491 19.8533324
1669465441000 50.0544817 19.853345
1669465442828 50.0544697 19.8533599
1669465444107 50.0544612 19.8533695
1669465445000 50.0544536 19.8533783
1669465446928 50.0544428 19.8533871
1669465448448 50.054437 19.8534009
1669465450668 50.0544317 19.8534186
1669465452668 50.0544235 19.8534308
1669465454048 50.0544148 19.8534393
1669465455000 50.0544053 19.8534508
1669465456728 50.054395 19.8534714
1669465458047 50.0543871 19.8534872
1669465459000 50.0543787 19.8535022
1669465460768 50.0543684 19.8535183
1669465462149 50.0543581 19.8535329
1669465463000 50.0543499 19.853545
1669465464728 50.0543387 19.853558
1669465466108 50.0543287 19.8535669
1669465467000 50.0543204 19.8535775
1669465468728 50.0543119 19.853592
1669465470088 50.0543034 19.8536095
1669465471000 50.054297 19.8536256
1669465472000 50.0542928 19.8536423
1669465473267 50.0542925 19.8536583
1669465474548 50.0542952 19.8536751
1669465475929 50.0543018 19.8536921
1669465476647 50.0543082 19.8537028
1669465478000 50.0543199 19.8537175
1669465479808 50.0543296 19.8537267
1669465481788 50.0543364 19.8537418
1669465483000 50.0543429 19.8537518
1669465484967 50.0543518 19.8537669
1669465486188 50.0543596 19.8537815
1669465487027 50.0543642 19.8537968
1669465488000 50.0543691 19.8538268
1669465489047 50.0543726 19.8538452
1669465490000 50.0543765 19.8538649
1669465491000 50.0543728 19.8538887
1669465491867 50.0543695 19.8539053
1669465492708 50.0543667 19.8539204
1669465494147 50.0543661 19.8539446
1669465495000 50.0543644 19.8539644
1669465496927 50.054368 19.8539837
1669465499088 50.0543788 19.8539921
1669465500507 50.054391 19.8539909
1669465503000 50.0544033 19.8539812
1669465506000 50.0544035 19.853964
1669465508000 50.0543968 19.8539495
1669465513000 50.0543961 19.8539355
1669465527000 50.0543954 19.8539169
1669465535000 50.0543851 19.8539052
1669465537828 50.0543783 19.8538922
1669465540000 50.0543739 19.8538785
1669465542000 50.0543691 19.8538588
1669465543868 50.0543632 19.8538357
1669465545000 50.0543554 19.853817
1669465547048 50.0543455 19.8538036
1669465548467 50.0543358 19.853789
1669465550107 50.0543289 19.8537721
1669465551000 50.0543272 19.8537581
1669465553007 50.054326 19.8537377
1669465554627 50.0543244 19.8537184
1669465556087 50.0543206 19.8537026
1669465557000 50.0543144 19.8536912
1669465558889 50.0543026 19.8536719
1669465559647 50.0542969 19.8536596
1669465561048 50.0542904 19.8536393
1669465562468 50.0542878 19.8536157
1669465563889 50.0542867 19.8535972
1669465565000 50.0542874 19.8535755
1669465566867 50.0542893 19.853552
1669465568348 50.0542957 19.8535415
1669465570000 50.0543051 19.8535307
1669465571667 50.0543147 19.8535239
1669465572887 50.0543241 19.8535212
1669465574000 50.054333 19.8535174
1669465575727 50.0543467 19.8535153
1669465577067 50.0543579 19.8535121
1669465578408 50.0543738 19.8535115
1669465579767 50.0543855 19.8535061
1669465581048 50.0543956 19.8535005
1669465582000 50.0544067 19.8534921
1669465583000 50.0544166 19.853483
1669465584348 50.0544276 19.8534714
1669465585727 50.0544387 19.8534589
1669465587050 50.0544498 19.8534483
1669465588000 50.0544608 19.8534393
1669465589000 50.0544695 19.8534315
1669465590907 50.0544821 19.8534205
1669465592147 50.0544925 19.853412
1669465593000 50.0545001 19.8534044
1669465594768 50.0545103 19.8533961
1669465596027 50.0545206 19.8533886
1669465597000 50.05453 19.8533844
1669465598608 50.0545401 19.8533812
1669465599868 50.0545505 19.8533757
1669465601167 50.0545622 19.8533667
1669465602488 50.0545725 19.8533606
1669465603809 50.0545818 19.8533536
1669465605127 50.0545919 19.8533459
1669465606388 50.0546017 19.8533403
1669465607627 50.0546112 19.8533328
1669465608974 50.0546219 19.8533223
1669465610927 50.0546319 19.853305
1669465612188 50.05464 19.8532916
1669465613000 50.0546478 19.8532806
1669465614087 50.0546553 19.8532716
1669465615000 50.0546658 19.8532605
1669465616000 50.0546758 19.8532509
1669465617000 50.0546873 19.8532413
1669465617976 50.0546955 19.8532338
1669465619000 50.0547062 19.8532228
1669465620648 50.0547155 19.8532215
1669465622728 50.0547259 19.8532342
1669465624000 50.0547354 19.8532479
1669465625000 50.0547419 19.8532622
1669465626791 50.0547499 19.8532812
1669465628108 50.0547538 19.8532982
1669465628828 50.0547543 19.8533148
1669465630000 50.0547552 19.8533324
1669465631627 50.0547557 19.8533489
1669465633188 50.0547606 19.8533608
1669465635000 50.0547624 19.853388
1669465637000 50.054763 19.8534064
1669465640000 50.0547566 19.8534185
1669465654987 50.054762 19.8534315
1669465656507 50.054769 19.8534462
1669465658000 50.0547757 19.8534569
1669465660000 50.0547802 19.8534716
1669465667000 50.0547745 19.853483
1669465673000 50.0547793 19.8534958
1669465681000 50.054784 19.8534769
1669465687000 50.0547805 19.8534636
1669465698000 50.0547749 19.8534928
1669465699000 50.0547732 19.8535112
1669465701000 50.0547702 19.8535326
1669465705000 50.0547983 19.853626
