1658056189000 50.0556114 19.8541338
1658056190000 50.0555672 19.8541282
1658056191000 50.0555341 19.8541176
1658056192000 50.0555119 19.8541023
1658056193000 50.0555004 19.854083
1658056194000 50.0555009 19.8540532
1658056195000 50.0555068 19.854015
1658056196000 50.0555184 19.8540015
1658056199497 50.0555155 19.8539853
1658056202767 50.0555153 19.8540029
1658056206000 50.0555055 19.8540056
1658056208817 50.0554952 19.8540025
1658056210916 50.0554857 19.8540001
1658056212666 50.055477 19.8539953
1658056213000 50.0554674 19.8539936
1658056214845 50.0554539 19.8539933
1658056215000 50.0554452 19.8539973
1658056216000 50.0554354 19.8539985
1658056218087 50.0554254 19.8540012
1658056218715 50.0554153 19.854007
1658056219000 50.055405 19.854017
1658056222000 50.0554031 19.8540309
1658056224000 50.0554061 19.8540452
1658056227000 50.0554079 19.8540652
1658056229000 50.0554066 19.8540795
1658056235000 50.0554038 19.8540937
1658056241000 50.0553967 19.8540768
1658056245000 50.0553863 19.8540681
1658056248000 50.0553814 19.8540826
1658056249000 50.0553689 19.8540887
1658056250809 50.0553789 19.8540739
1658056252567 50.0553671 19.8540773
1658056253167 50.0553582 19.8540835
1658056253707 50.0553463 19.854088
1658056254931 50.0553339 19.8540962
1658056255548 50.0553261 19.8541039
1658056256747 50.0553105 19.8541187
1658056257927 50.0552967 19.8541402
1658056259000 50.0552716 19.8541728
1658056259008 50.0552824 19.8541601
1658056260000 50.0552616 19.8541862
1658056262000 50.0552414 19.8542212
1658056262046 50.0552516 19.8542022
1658056263000 50.0552318 19.854235
1658056264000 50.0552209 19.8542464
1658056266446 50.0552085 19.8542571
1658056267627 50.0551965 19.8542651
1658056268867 50.0551795 19.8542738
1658056270087 50.0551689 19.8542804
1658056270727 50.0551604 19.8542857
1658056271867 50.0551468 19.8542973
1658056272497 50.0551399 19.854307
1658056273537 50.0551257 19.8543257
1658056274680 50.0551178 19.8543385
1658056275802 50.055109 19.8543528
1658056276917 50.0550985 19.8543668
1658056278017 50.0550874 19.8543792
1658056278616 50.055078 19.8543883
1658056279776 50.05507 19.8543956
1658056280816 50.0550608 19.8544013
1658056281867 50.0550494 19.8544065
1658056282865 50.0550372 19.8544123
1658056284000 50.0550103 19.8544323
1658056284067 50.0550199 19.8544236
1658056285000 50.0550002 19.8544465
1658056286000 50.0549926 19.8544577
1658056287887 50.0549853 19.8544691
1658056289027 50.0549707 19.8544925
1658056290067 50.0549655 19.8545065
1658056291000 50.0549525 19.8545408
1658056291135 50.0549583 19.8545231
1658056292888 50.0549486 19.8545537
1658056293917 50.0549429 19.8545691
1658056295000 50.0549305 19.8546022
1658056295087 50.0549364 19.8545853
1658056296000 50.0549246 19.8546207
1658056297847 50.0549205 19.8546334
1658056298000 50.0549101 19.8546623
1658056300007 50.054904 19.8546755
1658056301000 50.054885 19.8547085
1658056301011 50.0548952 19.8546923
1658056303267 50.0548732 19.8547229
1658056303767 50.0548637 19.8547339
1658056304000 50.0548538 19.8547423
1658056305867 50.0548447 19.8547491
1658056307000 50.0548229 19.8547609
1658056307047 50.054833 19.8547553
1658056308000 50.0548131 19.8547737
1658056309000 50.0548047 19.8547832
1658056310696 50.0547862 19.8547912
1658056311000 50.0547766 19.8547896
1658056312000 50.0547647 19.8547869
1658056313000 50.0547505 19.8547799
1658056315826 50.0547382 19.8547718
1658056316947 50.0547288 19.8547633
1658056317000 50.0547198 19.854755
1658056318000 50.0547099 19.8547464
1658056320526 50.0547024 19.8547384
1658056321768 50.0546931 19.854728
1658056322000 50.0546807 19.8547123
1658056323000 50.0546683 19.8546957
1658056325000 50.0546593 19.8546794
1658056326000 50.0546513 19.8546681
1658056327000 50.0546415 19.8546542
1658056328000 50.0546257 19.8546297
1658056330447 50.0546149 19.8546097
1658056331605 50.0546027 19.8545855
1658056332000 50.0545872 19.8545515
1658056332537 50.0545923 19.8545631
1658056333000 50.054577 19.8545301
1658056334687 50.0545699 19.8545185
1658056335755 50.0545556 19.8545016
1658056336815 50.0545422 19.8544876
1658056337813 50.0545271 19.854477
1658056338916 50.0545107 19.8544671
1658056339996 50.0544956 19.8544553
1658056341036 50.0544831 19.8544412
1658056342000 50.0544628 19.8544059
1658056342117 50.0544707 19.8544234
1658056343816 50.0544579 19.8543871
1658056344337 50.0544556 19.8543701
1658056344935 50.0544508 19.8543579
1658056345000 50.0544444 19.8543315
1658056345416 50.0544491 19.8543436
1658056346000 50.0544412 19.8543096
1658056347000 50.0544387 19.8542902
1658056348000 50.0544333 19.8542709
1658056349000 50.0544268 19.8542511
1658056350856 50.0544212 19.8542388
1658056351776 50.0544131 19.854226
1658056352876 50.0544039 19.8542119
1658056353976 50.0543951 19.8541992
1658056355000 50.0543786 19.8541729
1658056355055 50.0543863 19.8541846
1658056356000 50.0543684 19.8541597
1658056357000 50.054358 19.8541458
1658056358000 50.0543443 19.8541325
1658056359000 50.0543341 19.8541229
1658056361000 50.0543074 19.8540959
1658056361016 50.0543217 19.8541109
1658056362000 50.0542944 19.8540823
1658056364177 50.054282 19.8540712
1658056365000 50.054259 19.8540496
1658056365476 50.0542668 19.8540568
1658056366896 50.054249 19.8540415
1658056367997 50.0542323 19.854027
1658056369096 50.0542166 19.8540124
1658056369616 50.0542092 19.8540042
1658056370676 50.0541956 19.8539868
1658056371836 50.0541845 19.8539628
1658056372876 50.0541747 19.8539425
1658056373000 50.0541601 19.853923
1658056373435 50.0541679 19.853932
1658056374000 50.0541481 19.8539073
1658056376736 50.0541324 19.8538884
1658056377837 50.0541226 19.853875
1658056378917 50.0541157 19.853863
1658056380016 50.0541069 19.8538463
1658056381000 50.0540913 19.8538118
1658056381096 50.0540987 19.8538289
1658056382000 50.0540828 19.8537963
1658056383916 50.0540768 19.8537856
1658056384996 50.0540678 19.8537701
1658056385996 50.0540585 19.8537537
1658056386000 50.0540481 19.8537311
1658056387775 50.0540422 19.8537126
1658056388716 50.0540359 19.8536948
1658056389376 50.0540288 19.8536808
1658056390535 50.0540187 19.8536634
1658056391476 50.0540151 19.8536485
1658056392676 50.0540092 19.8536306
1658056393000 50.0539981 19.8536115
1658056394876 50.0539906 19.8536004
1658056395936 50.0539704 19.8535785
1658056397000 50.053951 19.853563
1658056397056 50.0539624 19.8535714
1658056399737 50.0539299 19.8535515
1658056400815 50.0539202 19.8535394
1658056401895 50.0539111 19.8535233
1658056402956 50.053903 19.8535051
1658056404016 50.0538913 19.8534832
1658056405076 50.053884 19.8534711
1658056405616 50.0538766 19.8534611
1658056406000 50.0538631 19.8534429
1658056407000 50.0538539 19.8534299
1658056408000 50.0538401 19.8534079
1658056410476 50.0538338 19.8533966
1658056411556 50.0538248 19.8533815
1658056412636 50.0538151 19.8533641
1658056413814 50.0538064 19.8533467
1658056414316 50.0538 19.8533326
1658056415935 50.053788 19.853309
1658056417077 50.0537784 19.8532922
1658056418000 50.0537617 19.8532663
1658056418097 50.053769 19.8532778
1658056419736 50.0537551 19.853256
1658056420977 50.0537445 19.8532397
1658056421957 50.0537354 19.853223
1658056423036 50.053727 19.8532062
1658056424000 50.0537101 19.8531785
1658056424035 50.0537199 19.8531929
1658056425000 50.0537009 19.8531633
1658056426000 50.0536924 19.8531442
1658056427796 50.0536863 19.853132
1658056428996 50.0536773 19.8531143
1658056429000 50.0536719 19.8530971
1658056431000 50.0536614 19.8530642
1658056431095 50.0536669 19.8530828
1658056432000 50.0536527 19.8530443
1658056433797 50.0536469 19.8530328
1658056434000 50.0536369 19.8530157
1658056435976 50.0536285 19.8530017
1658056436000 50.0536187 19.852983
1658056438197 50.0536089 19.8529646
1658056439296 50.0535996 19.852945
1658056440396 50.0535909 19.8529289
1658056441976 50.0535795 19.8529092
1658056442716 50.0535695 19.8528945
1658056443815 50.0535574 19.8528796
1658056444877 50.0535467 19.8528672
1658056445835 50.0535298 19.8528469
1658056446000 50.0535191 19.8528357
1658056448000 50.0534972 19.8528075
1658056448096 50.0535086 19.8528234
1658056449000 50.053486 19.8527921
1658056450000 50.0534742 19.8527745
1658056451000 50.0534677 19.852764
1658056452000 50.0534595 19.8527517
1658056454457 50.0534483 19.8527355
1658056455000 50.0534306 19.852709
1658056457596 50.0534201 19.8526923
1658056458696 50.0534094 19.852675
1658056459000 50.0533962 19.8526558
1658056461000 50.053374 19.8526266
1658056461016 50.0533861 19.8526418
1658056462000 50.0533592 19.8526138
1658056464676 50.0533454 19.8526
1658056465756 50.0533297 19.8525852
1658056466897 50.0533164 19.8525704
1658056467636 50.0533086 19.8525623
1658056469075 50.0532905 19.8525412
1658056469736 50.0532833 19.8525319
1658056470975 50.053271 19.852515
1658056471996 50.0532622 19.852502
1658056473000 50.0532469 19.8524687
1658056473116 50.0532529 19.8524861
1658056475436 50.0532417 19.8524467
1658056476375 50.0532378 19.8524288
1658056477517 50.0532331 19.8524113
1658056479000 50.053216 19.8523753
1658056479096 50.0532229 19.8523874
1658056480000 50.0532054 19.8523626
1658056481937 50.0531949 19.8523494
1658056482000 50.053181 19.8523305
1658056484000 50.053153 19.8522831
1658056484116 50.0531709 19.8523145
1658056486736 50.0531434 19.8522625
1658056487676 50.0531369 19.8522488
1658056488836 50.0531252 19.8522298
1658056489936 50.0531095 19.8522016
1658056490995 50.0531044 19.8521892
1658056492000 50.0530872 19.8521614
1658056492076 50.0530952 19.8521721
1658056495137 50.0530633 19.8521226
1658056496835 50.0530495 19.8521026
1658056497916 50.0530339 19.8520822
1658056498396 50.0530249 19.852074
1658056499076 50.0530165 19.8520633
1658056499475 50.0530092 19.8520547
1658056500957 50.052992 19.8520336
1658056502097 50.0529794 19.8520211
1658056503000 50.0529547 19.8519949
1658056503117 50.0529672 19.8520095
1658056505877 50.0529388 19.8519694
1658056506956 50.0529283 19.8519545
1658056507677 50.0529217 19.8519446
1658056509076 50.0529084 19.8519253
1658056509716 50.052901 19.851913
1658056510799 50.0528885 19.8518956
1658056511876 50.0528765 19.8518783
1658056512876 50.0528652 19.8518618
1658056513916 50.0528545 19.8518449
1658056514000 50.0528396 19.8518131
1658056516000 50.0528322 19.8517968
1658056517000 50.0528267 19.8517804
1658056519722 50.0528131 19.8517621
1658056520536 50.0527995 19.8517554
1658056522015 50.0527783 19.8517422
1658056523136 50.0527644 19.8517318
1658056523813 50.0527554 19.8517237
1658056524803 50.0527438 19.8517127
1658056525756 50.0527341 19.851703
1658056526000 50.0527196 19.8516862
1658056527000 50.0527083 19.85167
1658056528000 50.0527003 19.851648
1658056529000 50.0526945 19.8516263
1658056530000 50.0526868 19.8516108
1658056532526 50.0526749 19.851596
1658056533635 50.0526641 19.8515837
1658056534775 50.0526537 19.8515713
1658056535000 50.0526446 19.8515578
1658056541496 50.0526322 19.8515592
1658056542637 50.052624 19.8515491
1658056543755 50.0526147 19.8515289
1658056544236 50.0526122 19.851512
1658056545016 50.052608 19.8514976
1658056545455 50.0526076 19.8514822
1658056546000 50.0526055 19.8514457
1658056546097 50.0526043 19.8514643
1658056548000 50.0526124 19.8514188
1658056551000 50.0526155 19.8514006
1658056558000 50.0526176 19.8513853
1658056560756 50.0526157 19.8513644
1658056562000 50.0526141 19.8513278
1658056562058 50.0526148 19.8513443
1658056563000 50.0526099 19.8513121
1658056566696 50.0526006 19.8512944
1658056570000 50.0526006 19.8512789
1658056574795 50.0526098 19.8512805
1658056580009 50.0526015 19.8512739
1658056581000 50.0525922 19.8512647
1658056593000 50.0525892 19.8512514
1658056601855 50.0525853 19.8512367
1658056603576 50.0525858 19.8512175
1658056604676 50.0525899 19.8511996
1658056605815 50.0525992 19.8511784
1658056606522 50.0526078 19.851159
1658056607515 50.0526161 19.8511512
1658056608000 50.0526267 19.8511393
1658056613000 50.0526301 19.8511259
1658056626000 50.052624 19.851113
1658056628875 50.0526147 19.8510975
1658056630096 50.0526072 19.8510808
1658056631000 50.052596 19.8510504
1658056631056 50.0526027 19.8510671
1658056632000 50.0525881 19.8510373
1658056634000 50.0525749 19.8510131
1658056634056 50.0525807 19.851025
1658056637135 50.0525697 19.8509927
1658056642956 50.0525688 19.8509753
1658056644916 50.0525581 19.8509613
1658056646058 50.0525486 19.8509478
1658056646756 50.0525418 19.8509321
1658056648000 50.052546 19.8509171
1658056650000 50.0525561 19.8509204
1658056652000 50.0525636 19.8509054
1658056655000 50.0525665 19.850892
1658056659813 50.0525618 19.8508754
1658056661000 50.052554 19.8508546
1658056670000 50.0525443 19.8508521
1658056674000 50.052541 19.8508689
1658056676806 50.0525343 19.850882
1658056677996 50.0525235 19.8508882
1658056679000 50.0524975 19.8508908
1658056679099 50.0525093 19.8508888
1658056680000 50.0524879 19.8508917
1658056681876 50.052474 19.8508913
1658056682355 50.0524591 19.8508872
1658056683416 50.0524463 19.8508797
1658056684000 50.0524292 19.8508585
1658056685000 50.052422 19.8508434
1658056687076 50.0524144 19.8508218
1658056687616 50.052407 19.8507996
1658056688716 50.0524052 19.8507755
1658056689236 50.0524085 19.8507625
1658056690535 50.0524147 19.8507373
1658056691636 50.0524194 19.8507177
1658056693000 50.0524183 19.850701
1658056698000 50.0524286 19.8507042
1658056703877 50.0524385 19.850703
1658056707000 50.0524385 19.8507183
1658056709915 50.0524337 19.8507305
1658056711876 50.0524215 19.8507263
1658056713679 50.0524079 19.8507186
1658056714000 50.0523987 19.8507133
1658056716000 50.0523889 19.8507056
1658056720813 50.0523803 19.8507098
1658056724000 50.0523848 19.850694
1658056726000 50.0523859 19.8506758
1658056735000 50.052382 19.8506603
1658056741000 50.0523859 19.8506438
1658056758000 50.0523771 19.8506477
1658056762000 50.0523737 19.850663
1658056788496 50.0523669 19.850649
1658056790000 50.0523638 19.8506321
1658056796000 50.052355 19.8506369
1658056800000 50.0523573 19.8506506
1658056803000 50.0523584 19.8506653
1658056810000 50.0523503 19.8506549
1658056812555 50.0523486 19.8506389
1658056814967 50.0523502 19.8506142
1658056816846 50.0523477 19.8505917
1658056818000 50.0523437 19.8505528
1658056818068 50.0523455 19.8505729
1658056819000 50.0523434 19.850535
1658056821802 50.0523454 19.8505145
1658056823000 50.0523469 19.8504817
1658056823046 50.0523461 19.8504975
1658056824000 50.0523493 19.8504661
1658056826697 50.0523547 19.8504452
1658056827867 50.0523609 19.8504237
1658056829000 50.0523672 19.8503828
1658056829107 50.0523651 19.8504022
1658056831087 50.0523703 19.8503655
1658056832406 50.0523756 19.850343
1658056833626 50.05238 19.8503247
1658056834847 50.0523848 19.8503036
1658056836000 50.0523945 19.8502713
1658056836086 50.0523898 19.850285
1658056838586 50.0524006 19.850254
1658056839827 50.0524057 19.8502379
1658056841126 50.0524114 19.8502199
1658056842927 50.0524172 19.8502018
1658056844945 50.0524248 19.8501846
1658056845000 50.0524328 19.8501771
1658056847607 50.0524418 19.850176
1658056848986 50.0524525 19.8501753
1658056849000 50.0524617 19.8501779
1658056851000 50.0524797 19.8501889
1658056852000 50.0524883 19.8501957
1658056854000 50.0524942 19.8502066
1658056859000 50.0524958 19.8502209
1658056870000 50.0524974 19.8502354
1658056874000 50.052492 19.850249
1658056887726 50.0524832 19.8502403
1658056889646 50.0524701 19.8502331
1658056890926 50.0524608 19.8502232
1658056891706 50.0524555 19.8502117
1658056892000 50.0524526 19.8501909
1658056894125 50.0524512 19.8501755
1658056895606 50.0524518 19.8501576
1658056896000 50.0524535 19.8501426
1658056898000 50.052457 19.8501245
1658056900687 50.052462 19.8501117
1658056902000 50.0524718 19.8501083
1658056908000 50.0524798 19.8500947
1658056915437 50.0524766 19.8501084
1658056916768 50.0524708 19.8501222
1658056918000 50.0524555 19.850147
1658056918027 50.0524626 19.8501368
1658056920185 50.0524469 19.8501584
1658056921467 50.0524356 19.8501692
1658056922506 50.0524252 19.8501776
1658056923946 50.0524146 19.8501934
1658056924565 50.0524106 19.850206
1658056925606 50.0524061 19.8502243
1658056926000 50.0524033 19.850246
1658056928507 50.0524015 19.8502697
1658056929707 50.052397 19.8502899
1658056930946 50.0523914 19.8503125
1658056931000 50.0523878 19.850333
1658056932000 50.0523848 19.8503525
1658056933000 50.0523823 19.8503739
1658056934000 50.0523808 19.8503924
1658056935948 50.0523784 19.8504115
1658056936000 50.0523731 19.8504305
1658056938367 50.0523576 19.8504388
1658056939566 50.052343 19.8504439
1658056940796 50.0523283 19.8504498
1658056942000 50.0523082 19.8504714
1658056942027 50.0523161 19.8504588
1658056943000 50.0523008 19.8504859
1658056944000 50.0522966 19.8505047
1658056946000 50.0522987 19.8505408
1658056946067 50.0522956 19.8505211
1658056947000 50.0523065 19.850561
1658056948968 50.0523134 19.8505771
1658056949000 50.0523225 19.8505943
1658056950927 50.0523303 19.8506044
1658056951000 50.0523432 19.8506167
1658056952867 50.0523514 19.8506259
1658056953828 50.0523618 19.8506379
1658056955000 50.0523802 19.850656
1658056955108 50.0523719 19.8506487
1658056956000 50.0523894 19.8506621
1658056957000 50.0523984 19.8506689
1658056959229 50.0524075 19.850678
1658056960487 50.0524151 19.850693
1658056961000 50.0524231 19.8507086
1658056963386 50.0524301 19.8507278
1658056964546 50.052432 19.8507499
1658056965707 50.0524344 19.8507726
1658056966927 50.0524417 19.8507927
1658056967946 50.0524488 19.8508099
1658056969000 50.0524614 19.8508438
1658056969026 50.0524549 19.8508291
1658056970000 50.0524688 19.8508557
1658056971000 50.0524771 19.8508677
1658056973000 50.0524913 19.8508941
1658056973007 50.0524831 19.8508788
1658056974000 50.0524999 19.8509073
1658056975000 50.0525066 19.8509211
1658056977667 50.0525126 19.8509418
1658056978887 50.0525194 19.8509604
1658056980000 50.0525382 19.8509862
1658056980066 50.0525293 19.8509756
1658056982626 50.0525489 19.850997
1658056983866 50.0525598 19.8510061
1658056985000 50.0525805 19.8510187
1658056985107 50.0525714 19.851012
1658056987000 50.0525903 19.8510344
1658056989826 50.0525992 19.8510511
1658056991705 50.0526109 19.8510638
1658056992866 50.0526202 19.8510701
1658056993000 50.0526312 19.8510784
1658056994000 50.0526413 19.851087
1658056996547 50.0526518 19.8511014
1658056997747 50.05266 19.8511186
1658056998957 50.0526677 19.851138
1658056999000 50.0526746 19.8511564
1658057001527 50.0526805 19.8511754
1658057002000 50.0526861 19.851192
1658057005047 50.0526909 19.8512117
1658057006327 50.0526944 19.8512258
1658057007706 50.0526996 19.8512418
1658057009106 50.052706 19.8512593
1658057010000 50.052715 19.8512704
1658057013067 50.0527269 19.8512604
1658057013848 50.0527303 19.8512469
1658057014000 50.0527339 19.8512261
1658057015000 50.0527361 19.8512038
1658057018029 50.0527418 19.8511811
1658057019349 50.0527489 19.8511667
1658057023000 50.0527562 19.8511557
1658057029000 50.0527494 19.8511753
1658057031547 50.0527429 19.8511948
1658057032000 50.0527434 19.8512132
1658057035946 50.0527533 19.8512148
1658057038000 50.0527631 19.8512151
1658057045000 50.0527541 19.8512163
1658057057000 50.0527441 19.851221
1658057084000 50.0527539 19.8511929
1658057084029 50.0527521 19.8512101
1658057085000 50.0527556 19.8511695
1658057086797 50.0527563 19.8511545
1658057087000 50.0527584 19.8511267
1658057089346 50.0527639 19.8511133
1658057091000 50.0527717 19.8511054
1658057100000 50.0527628 19.8511033
1658057106077 50.0527536 19.8511014
1658057107808 50.0527465 19.8511125
1658057108000 50.0527398 19.8511252
1658057110535 50.052736 19.8511409
1658057111802 50.0527331 19.8511586
1658057112517 50.0527322 19.8511732
1658057113000 50.0527327 19.8512004
1658057114000 50.0527362 19.8512221
1658057115000 50.052738 19.8512363
1658057118000 50.0527349 19.8512521
1658057121000 50.0527311 19.8512658
1658057124000 50.052733 19.8512837
1658057131000 50.0527237 19.8512801
1658057134658 50.0527155 19.8512664
1658057136000 50.0527102 19.8512518
1658057138000 50.0527126 19.8512336
1658057142558 50.0527088 19.8512166
1658057143000 50.0527069 19.8511983
1658057146000 50.0527091 19.8511787
1658057148000 50.0527073 19.8511633
1658057152636 50.0527022 19.85115
1658057161000 50.0527006 19.8511695
1658057163218 50.0527013 19.8511878
1658057164497 50.0527049 19.851211
1658057165536 50.0527095 19.8512316
1658057166837 50.052716 19.8512547
1658057167663 50.0527176 19.8512709
1658057168738 50.0527225 19.851289
1658057169000 50.0527308 19.8513072
1658057170858 50.0527367 19.8513187
1658057172000 50.0527511 19.8513474
1658057172096 50.0527452 19.8513354
1658057174197 50.0527615 19.8513631
1658057175338 50.0527692 19.8513736
1658057176698 50.052777 19.8513881
1658057177878 50.0527878 19.8513914
1658057179000 50.0528067 19.8513903
1658057184957 50.052816 19.8513957
1658057188737 50.0528265 19.8513811
1658057190000 50.0528338 19.8513667
1658057195077 50.0528414 19.8513586
1658057199418 50.0528441 19.851372
1658057201000 50.0528348 19.8513864
1658057204000 50.0528388 19.8513993
1658057209838 50.0528466 19.8514063
1658057212938 50.0528578 19.8514155
1658057214000 50.0528644 19.8514272
1658057220000 50.052871 19.8514397
1658057222837 50.0528803 19.8514417
1658057223000 50.0528891 19.8514457
1658057225897 50.0529023 19.8514555
1658057227000 50.0529159 19.8514633
1658057229000 50.052926 19.8514655
1658057234000 50.0529341 19.851476
1658057256000 50.0529254 19.8514815
1658057266000 50.0529347 19.8514797
1658057270000 50.0529251 19.8514822
1658057272000 50.0529335 19.8514901
1658057275000 50.0529389 19.8515033
1658057276000 50.0529471 19.8515239
1658057278458 50.0529565 19.8515415
1658057279277 50.0529651 19.8515574
1658057280598 50.0529733 19.8515824
1658057281791 50.0529744 19.8516059
1658057282000 50.0529732 19.8516272
1658057284639 50.0529699 19.8516497
1658057286000 50.052968 19.8516689
1658057288000 50.0529663 19.8516899
1658057290000 50.0529627 19.85171
1658057293000 50.0529637 19.8517287
1658057308000 50.0529643 19.8517146
1658057311097 50.0529574 19.8517014
1658057314000 50.0529459 19.8517005
1658057320858 50.052937 19.8516899
1658057322000 50.0529269 19.8516847
1658057325000 50.0529177 19.8516813
1658057334000 50.0529198 19.851666
1658057340498 50.052922 19.8516807
1658057342000 50.0529333 19.8516875
1658057344781 50.0529424 19.85169
1658057346127 50.0529537 19.8516886
1658057348000 50.0529798 19.8516801
1658057348037 50.0529685 19.8516818
1658057350000 50.0530023 19.8516795
1658057350098 50.0529906 19.8516798
1658057352518 50.0530153 19.8516818
1658057353637 50.0530274 19.851684
1658057355037 50.0530445 19.8516895
1658057356878 50.053056 19.8517035
1658057357000 50.0530663 19.8517171
1658057359677 50.0530761 19.8517269
1658057360000 50.0530859 19.8517333
1658057362000 50.0530935 19.8517481
1658057364000 50.0530892 19.8517641
1658057366000 50.0530814 19.8517744
1658057372000 50.0530722 19.8517763
1658057376678 50.053067 19.8517882
1658057384000 50.0530741 19.8518028
1658057386417 50.053082 19.8518162
1658057387657 50.0530896 19.851829
1658057388000 50.0531031 19.8518452
1658057390356 50.0531174 19.8518564
1658057391698 50.053133 19.8518675
1658057392997 50.0531476 19.8518783
1658057393716 50.0531552 19.8518873
1658057395000 50.0531819 19.8519249
1658057395017 50.0531731 19.8519105
1658057398018 50.0531949 19.8519338
1658057399057 50.0532048 19.8519392
1658057399577 50.0532134 19.8519449
1658057400958 50.0532224 19.8519523
1658057402000 50.0532345 19.8519614
1658057417000 50.0532348 19.851947
1658057437738 50.0532418 19.8519577
1658057438000 50.0532425 19.8519735
1658057440477 50.0532328 19.8519906
1658057442078 50.0532413 19.8520076
1658057443000 50.0532477 19.8520188
1658057445000 50.0532548 19.8520346
1658057447000 50.0532533 19.852056
1658057450000 50.0532474 19.8520699
1658057455000 50.0532567 19.8520755
1658057456000 50.0532663 19.8520769
1658057458000 50.0532781 19.852086
1658057460000 50.0532797 19.8521039
1658057478000 50.0532797 19.8521187
1658057481000 50.0532889 19.852126
1658057483000 50.0532946 19.8521388
1658057486000 50.0533027 19.8521493
1658057491000 50.0532953 19.8521622
1658057497558 50.0532866 19.8521544
1658057499787 50.0532943 19.8521446
1658057501438 50.0533062 19.8521475
1658057502918 50.0533175 19.8521439
1658057503000 50.0533299 19.8521468
1658057504757 50.0533388 19.8521542
1658057506000 50.0533579 19.8521811
1658057506058 50.0533496 19.8521688
1658057508000 50.0533655 19.8521953
1658057518098 50.0533787 19.8522076
1658057519418 50.0533953 19.852217
1658057519918 50.0534039 19.8522239
1658057520000 50.0534131 19.8522278
1658057521000 50.0534259 19.8522286
1658057522000 50.0534384 19.8522258
1658057524377 50.0534519 19.8522194
1658057524898 50.0534608 19.852215
1658057526998 50.053472 19.8522003
1658057528358 50.0534766 19.8521853
1658057529000 50.0534824 19.8521665
1658057532597 50.0534848 19.8521512
1658057534656 50.0534802 19.8521359
1658057536000 50.0534795 19.8521179
1658057538000 50.0534889 19.8521094
1658057544000 50.0534983 19.8521011
1658057552898 50.0534914 19.852083
1658057553000 50.0534807 19.8520765
1658057558017 50.0534744 19.8520658
1658057561000 50.053474 19.8520499
1658057568665 50.0534744 19.8520653
1658057580000 50.0534738 19.8520874
1658057603000 50.0534637 19.8520916
1658057605000 50.0534541 19.8520695
1658057606000 50.0534492 19.8520571
1658057609000 50.0534411 19.8520391
1658057611758 50.05345 19.8520199
1658057612000 50.0534564 19.852007
1658057614000 50.0534641 19.8519964
1658057616000 50.0534727 19.8519891
1658057619000 50.0534836 19.8519804
1658057622000 50.0534927 19.8519704
1658057630000 50.0534984 19.8519594
1658057683000 50.0534901 19.851965
1658057719000 50.0534804 19.8519688
1658057731000 50.0534729 19.8519611
1658057736000 50.0534571 19.8519562
1658057738000 50.0534458 19.8519538
1658057835000 50.053439 19.851937
1658057836000 50.0534364 19.8519186
1658057838000 50.0534328 19.8518984
1658057839000 50.0534351 19.8518838
1658057841000 50.0534374 19.851903
1658057856000 50.053435 19.8518892
1658057914000 50.0534345 19.8518609
1658057915000 50.0534363 19.8518446
1658057974000 50.0534299 19.8518289
1658057977000 50.0534289 19.8518149
1658057989000 50.0534339 19.851803
1658058007000 50.0534401 19.8518132
1658058065000 50.0534307 19.8518087
1658058069000 50.0534153 19.8518008
1658058073000 50.0534248 19.8518039
1658058095057 50.0534321 19.851813
1658058098717 50.0534264 19.8518283
1658058099237 50.0534172 19.8518264
1658058100697 50.0533993 19.8518227
1658058101000 50.0533851 19.8518118
1658058102000 50.0533751 19.8518033
1658058103000 50.0533656 19.851796
1658058105657 50.0533559 19.8517928
1658058109000 50.0533462 19.8517912
1658058114458 50.0533403 19.8517786
1658058115757 50.0533422 19.8517648
1658058117000 50.0533483 19.8517322
1658058117098 50.0533454 19.8517459
1658058119876 50.0533514 19.8517165
1658058121778 50.0533509 19.8517001
1658058123438 50.0533507 19.8516816
1658058124766 50.0533523 19.8516668
1658058125000 50.0533564 19.8516514
1658058126000 50.0533627 19.8516374
1658058127000 50.0533706 19.8516267
1658058128958 50.0533782 19.8516191
1658058131057 50.0533917 19.8516105
1658058132977 50.0534023 19.8516015
1658058134000 50.0534113 19.8515881
1658058136000 50.0534192 19.8515729
1658058138000 50.0534261 19.851557
1658058140638 50.0534331 19.8515454
1658058143000 50.0534424 19.851552
1658058163000 50.0534507 19.8515465
1658058168000 50.05346 19.8515522
1658058174757 50.0534692 19.8515615
1658058176977 50.0534762 19.8515749
1658058178000 50.0534853 19.8515936
1658058180658 50.0534981 19.8516095
1658058181000 50.0535066 19.8516293
1658058183098 50.0535127 19.8516427
1658058184598 50.0535233 19.8516587
1658058186000 50.0535329 19.8516878
1658058186017 50.0535283 19.8516746
1658058188477 50.0535384 19.8517009
1658058189998 50.0535433 19.8517162
1658058190000 50.0535435 19.8517305
1658058193000 50.0535406 19.8517465
1658058208000 50.0535313 19.8517486
1658058214000 50.0535215 19.8517455
1658058233197 50.0535295 19.8517533
1658058234000 50.0535388 19.8517573
1658058236998 50.0535464 19.8517662
1658058240000 50.0535465 19.8517855
1658058242558 50.0535526 19.8517989
1658058244000 50.0535568 19.8518153
1658058249897 50.0535639 19.8518251
1658058250000 50.0535699 19.8518368
1658058253000 50.0535717 19.8518524
1658058261057 50.0535815 19.8518651
1658058262798 50.0535854 19.851881
1658058264000 50.0535837 19.8519019
1658058268117 50.053576 19.8519152
1658058270000 50.0535696 19.8519291
1658058286000 50.0535734 19.8519159
1658058304000 50.0535822 19.8519117
1658058327998 50.0535876 19.8519288
1658058329000 50.0535956 19.8519383
1658058331000 50.0536014 19.8519524
1658058333617 50.0536005 19.8519674
1658058335302 50.0536001 19.8519838
1658058337000 50.0535989 19.8519977
1658058344037 50.0535967 19.8520123
1658058355000 50.0536063 19.8520132
1658058360457 50.053614 19.8520034
1658058361000 50.0536156 19.8519891
1658058366000 50.0536243 19.8519745
1658058368799 50.0536337 19.8519663
1658058369000 50.0536451 19.8519604
1658058371338 50.0536564 19.8519551
1658058372597 50.0536668 19.85195
1658058373780 50.053676 19.8519494
1658058374997 50.0536879 19.8519518
1658058375000 50.0537018 19.8519538
1658058376000 50.0537145 19.8519545
1658058378773 50.0537302 19.8519547
1658058379717 50.05374 19.8519522
1658058380816 50.0537534 19.8519473
1658058381000 50.0537655 19.8519432
1658058383138 50.0537743 19.8519401
1658058384957 50.0537849 19.8519343
1658058386917 50.0537934 19.8519188
1658058388998 50.0537995 19.851898
1658058389000 50.0537999 19.8518807
1658058391757 50.0537991 19.8518585
1658058393000 50.0538013 19.8518222
1658058393078 50.0537994 19.8518381
1658058395000 50.0538064 19.8518019
1658058398738 50.0538055 19.8517847
1658058400000 50.0538004 19.8517687
1658058403098 50.0538015 19.8517539
1658058405000 50.0538016 19.8517371
1658058425000 50.0538052 19.8517516
1658058442000 50.053787 19.8517338
1658058443000 50.053779 19.8517209
1658058445000 50.0537771 19.8516975
1658058447000 50.0537709 19.8516659
1658058447226 50.0537741 19.8516824
1658058449277 50.0537659 19.8516468
1658058450738 50.0537612 19.8516251
1658058452040 50.0537567 19.8516048
1658058452677 50.0537516 19.8515903
1658058453000 50.0537474 19.8515748
1658058455678 50.0537413 19.8515588
1658058457718 50.0537346 19.8515393
1658058458796 50.0537295 19.8515262
1658058459698 50.0537255 19.8515126
1658058461000 50.05372 19.8514723
1658058461118 50.0537225 19.8514904
1658058463358 50.0537171 19.8514573
1658058464738 50.0537152 19.8514413
1658058465000 50.0537131 19.8514261
1658058467657 50.0537075 19.851407
1658058468000 50.0537027 19.8513907
1658058487000 50.0536983 19.8514033
1658058493000 50.0536997 19.8514176
1658058505119 50.0537078 19.8514074
1658058507938 50.0537029 19.8513889
1658058509257 50.0536973 19.8513705
1658058510578 50.0536955 19.8513543
1658058511978 50.053692 19.8513365
1658058512000 50.0536851 19.8513188
1658058514597 50.0536763 19.851302
1658058515957 50.05367 19.8512858
1658058516000 50.0536642 19.8512701
1658058517000 50.0536589 19.8512576
1658058518000 50.0536543 19.8512438
1658058519000 50.0536506 19.8512283
1658058521458 50.0536455 19.8512066
1658058522918 50.0536418 19.8511893
1658058525000 50.053625 19.8511562
1658058525058 50.0536309 19.8511696
1658058526000 50.0536203 19.8511427
1658058527000 50.053615 19.8511281
1658058529278 50.0536079 19.85111
1658058530677 50.0536002 19.85109
1658058531437 50.0535948 19.8510755
1658058532997 50.0535862 19.8510567
1658058533000 50.0535767 19.8510419
1658058536000 50.0535598 19.8510156
1658058536057 50.0535654 19.8510274
1658058538797 50.0535483 19.8510035
1658058539000 50.0535392 19.8509955
1658058541597 50.0535288 19.8509877
1658058543098 50.0535174 19.8509773
1658058544557 50.0535082 19.8509693
1658058545976 50.0535017 19.8509592
1658058547000 50.0535062 19.8509421
1658058549677 50.0535152 19.8509371
1658058551617 50.0535269 19.8509334
1658058557000 50.053518 19.8509354
1658058558000 50.0535081 19.8509323
1658058560000 50.053482 19.8509237
1658058560057 50.053496 19.8509283
1658058562537 50.0534686 19.8509157
1658058563000 50.0534554 19.85091
1658058565837 50.0534418 19.8509041
1658058567397 50.0534306 19.8508973
1658058568000 50.0534205 19.8508878
1658058570000 50.0534076 19.8508749
1658058572000 50.0534012 19.8508639
1658058576077 50.0533947 19.8508491
1658058579000 50.0533843 19.8508427
1658058584000 50.0533746 19.850847
1658058597697 50.0533675 19.8508372
1658058599936 50.053364 19.8508228
1658058601537 50.053356 19.85081
1658058602497 50.0533495 19.8507996
1658058603000 50.0533396 19.8507813
1658058604000 50.0533322 19.8507686
1658058605000 50.0533258 19.8507552
1658058607537 50.0533175 19.850735
1658058609478 50.0533109 19.8507175
1658058610000 50.0533067 19.8507051
1658058635000 50.0533149 19.8506988
1658058639807 50.0533073 19.8506888
1658058641958 50.0533105 19.8506704
1658058642000 50.0533124 19.850656
1658058644000 50.0533092 19.8506405
1658058648000 50.0533017 19.8506325
1658058654038 50.0533089 19.8506221
1658058656000 50.0533135 19.8506052
1658058659806 50.0533136 19.850591
1658058661000 50.053309 19.8505763
1658058663000 50.0533002 19.8505681
1658058665000 50.0532921 19.8505618
1658058670000 50.0532845 19.850553
1658058694000 50.0532942 19.8505477
1658058720000 50.0533025 19.8505343
1658058722000 50.0533093 19.8505167
1658058724000 50.0533145 19.8504958
1658058726000 50.0533181 19.8504745
1658058728458 50.0533191 19.8504551
1658058730817 50.0533212 19.8504383
1658058731000 50.0533243 19.8504233
1658058732818 50.0533305 19.8504039
1658058733577 50.0533347 19.8503892
1658058734698 50.053344 19.85037
1658058735957 50.0533589 19.8503535
1658058736477 50.0533703 19.8503541
1658058737808 50.0533843 19.8503509
1658058738997 50.0533952 19.8503439
1658058739000 50.0534042 19.8503326
1658058740897 50.0534063 19.8503164
1658058741000 50.0534056 19.8502988
1658058744000 50.0533987 19.8502629
1658058744137 50.0534025 19.8502763
1658058746738 50.0533945 19.8502441
1658058748000 50.0533818 19.8502159
1658058748037 50.0533891 19.8502255
1658058750803 50.0533747 19.8502044
1658058752818 50.0533678 19.8501885
1658058753000 50.0533587 19.8501772
1658058755977 50.053343 19.8501717
1658058756000 50.0533332 19.8501612
1658058758997 50.0533239 19.8501528
1658058760000 50.0533139 19.8501377
1658058761000 50.0533078 19.8501259
1658058763637 50.0533007 19.8501089
1658058764862 50.0532947 19.8500982
1658058767000 50.0532866 19.8500911
1658058775000 50.0532799 19.8500815
1658058777857 50.0532772 19.8500644
1658058779000 50.0532691 19.8500281
1658058779097 50.0532737 19.8500451
1658058780877 50.0532644 19.8500148
1658058782000 50.0532558 19.8499699
1658058782078 50.0532574 19.8499906
1658058783000 50.0532554 19.8499537
1658058784000 50.0532567 19.8499397
1658058786597 50.0532571 19.8499251
1658058787957 50.0532551 19.8499077
1658058789697 50.0532503 19.8498897
1658058790000 50.0532447 19.8498758
1658058792977 50.0532359 19.8498551
1658058794869 50.053229 19.8498416
1658058796257 50.0532231 19.8498258
1658058797000 50.0532221 19.8498102
1658058799000 50.0532189 19.8497942
1658058801798 50.0532092 19.8497804
1658058803000 50.0531875 19.8497606
1658058803117 50.0531999 19.8497677
1658058805738 50.0531734 19.849755
1658058806477 50.0531649 19.8497464
1658058807737 50.0531545 19.8497313
1658058808000 50.0531443 19.8497166
1658058809000 50.0531383 19.8497049
1658058810978 50.0531306 19.8496926
1658058812119 50.0531199 19.8496785
1658058813398 50.0531112 19.849662
1658058814738 50.0531036 19.849647
1658058816098 50.0530955 19.8496338
1658058816818 50.0530893 19.8496207
1658058817000 50.0530814 19.8496041
1658058818000 50.0530779 19.8495891
1658058820316 50.0530744 19.8495744
1658058821698 50.053067 19.8495627
1658058822797 50.0530594 19.8495538
1658058824000 50.0530496 19.8495368
1658058826000 50.0530449 19.8495178
1658058829876 50.0530402 19.8495033
1658058832000 50.0530344 19.8494907
1658058835697 50.0530275 19.8494809
1658058837000 50.0530193 19.8494747
1658058839000 50.0530114 19.8494668
1658058841818 50.0530045 19.8494536
1658058843979 50.0529975 19.8494369
1658058845458 50.0529911 19.8494251
1658058846758 50.0529859 19.8494137
1658058848019 50.0529806 19.8494009
1658058850058 50.0529711 19.8493799
1658058851957 50.0529663 19.8493656
1658058853277 50.0529618 19.8493516
1658058854558 50.052956 19.849337
1658058855817 50.0529518 19.8493234
1658058856000 50.0529477 19.8493087
1658058858896 50.0529423 19.8492901
1658058859000 50.0529346 19.8492734
1658058861279 50.0529271 19.8492655
1658058862557 50.052918 19.8492541
1658058863798 50.0529111 19.8492397
1658058865000 50.0528904 19.8492121
1658058865017 50.0529015 19.8492243
1658058866000 50.0528776 19.8492044
1658058867000 50.0528686 19.8492022
1658058868818 50.0528595 19.8492007
1658058870000 50.0528401 19.8491911
1658058870018 50.0528485 19.8491966
1658058872917 50.0528261 19.8491938
1658058874458 50.0528167 19.8492028
1658058875877 50.0528127 19.8492155
1658058877278 50.0528089 19.8492317
1658058878638 50.0528021 19.8492458
1658058879918 50.0527919 19.8492574
1658058880738 50.0527831 19.849263
1658058881000 50.0527712 19.8492722
1658058882000 50.0527651 19.8492849
1658058884000 50.052759 19.8493044
1658058886398 50.0527522 19.8493198
1658058887977 50.0527453 19.8493308
1658058889398 50.0527356 19.8493509
1658058890758 50.0527294 19.8493701
1658058891520 50.0527247 19.8493853
1658058892977 50.0527167 19.8494057
1658058893000 50.0527122 19.8494215
1658058895738 50.0527074 19.8494448
1658058897077 50.0527032 19.8494602
1658058898437 50.0527019 19.8494766
1658058899817 50.0526985 19.8494925
1658058901358 50.0526918 19.8495084
1658058902000 50.0526868 19.8495256
1658058904000 50.0526794 19.849546
1658058906000 50.0526716 19.8495588
1658058914000 50.0526612 19.8495568
1658058921000 50.0526524 19.8495519
1658058941000 50.0526576 19.8495633
1658058948020 50.0526476 19.8495597
1658058950078 50.052634 19.8495585
1658058951538 50.0526223 19.8495607
1658058953818 50.0526117 19.8495656
1658058955858 50.0525999 19.8495544
1658058957518 50.0525972 19.8495323
1658058958000 50.0525834 19.8495213
1658058960000 50.0525734 19.8495147
1658058963000 50.0525859 19.849519
1658058965597 50.0525947 19.8495235
1658058968000 50.0526065 19.8495237
1658058978756 50.0526112 19.8495358
1658058983660 50.052621 19.8495297
1658058985000 50.0526344 19.8495191
1658058991338 50.0526375 19.8495357
1658058992736 50.0526341 19.8495517
1658058993458 50.0526306 19.8495687
1658058995000 50.0526238 19.8496302
1658058995037 50.0526258 19.8495974
1658058995597 50.0526254 19.8496133
1658058997000 50.0526167 19.8496611
1658058997057 50.052621 19.8496435
1658058998899 50.0526137 19.8496785
1658058999000 50.0526113 19.8497016
1658059001577 50.0526085 19.8497248
1658059002258 50.0526048 19.8497385
1658059003577 50.0525983 19.8497591
1658059004998 50.0525895 19.8497821
1658059005000 50.0525822 19.8497999
1658059007597 50.0525733 19.8498214
1658059008263 50.0525681 19.849834
1658059009558 50.0525609 19.8498531
1658059010838 50.0525554 19.8498683
1658059012000 50.0525439 19.8498965
1658059012098 50.0525497 19.8498829
1658059014637 50.052537 19.8499151
1658059015857 50.05253 19.8499296
1658059017000 50.0525122 19.8499582
1658059017058 50.0525213 19.8499451
1658059018000 50.0525061 19.8499708
1658059019000 50.0524997 19.8499831
1658059021000 50.0524855 19.8499927
1658059022000 50.0524749 19.8499974
1658059023000 50.0524639 19.8500008
1658059025277 50.0524518 19.8500011
1658059026637 50.0524387 19.849997
1658059028058 50.0524258 19.8499866
1658059029998 50.052414 19.8499774
1658059030000 50.0524058 19.8499716
1658059032537 50.0523944 19.8499658
1658059033000 50.0523843 19.8499619
1658059035657 50.0523731 19.8499601
1658059037000 50.0523616 19.8499631
1658059040798 50.0523523 19.8499562
1658059042978 50.0523418 19.8499504
1658059044898 50.0523281 19.8499519
1658059046000 50.0523166 19.8499591
1658059052438 50.0523085 19.8499461
1658059053798 50.0523034 19.8499322
1658059055120 50.0522999 19.8499146
1658059056478 50.0522941 19.8498974
1658059057000 50.052281 19.8498752
1658059059098 50.0522688 19.8498622
1658059059638 50.0522599 19.8498543
1658059060437 50.0522495 19.8498421
1658059061737 50.0522375 19.8498227
1658059063000 50.0522194 19.8497904
1658059063018 50.0522261 19.8498036
1658059064757 50.0522133 19.8497776
1658059065997 50.0522042 19.8497598
1658059066000 50.0521951 19.8497455
1658059067000 50.0521852 19.849733
1658059069000 50.052169 19.8497116
1658059069058 50.052178 19.8497235
1658059070000 50.0521601 19.8496977
1658059071978 50.0521538 19.8496871
1658059072697 50.0521456 19.849676
1658059073918 50.0521343 19.8496642
1658059075000 50.0521205 19.8496431
1658059075077 50.0521262 19.849654
1658059077417 50.0521129 19.8496309
1658059078619 50.0521031 19.8496212
1658059079786 50.0520924 19.8496108
1658059080957 50.0520836 19.8495983
1658059082657 50.0520752 19.8495833
1658059083997 50.0520656 19.849579
1658059084000 50.0520544 19.8495812
1658059085000 50.0520457 19.8495892
1658059087878 50.0520375 19.8496014
1658059089738 50.0520283 19.8496173
1658059090000 50.0520212 19.8496285
1658059092000 50.0520157 19.8496401
1658059095576 50.0520098 19.8496289
1658059105000 50.0520024 19.8496191
1658059107000 50.0519932 19.8496194
1658059110917 50.0519833 19.8496153
1658059112817 50.0519745 19.8496051
1658059113000 50.0519661 19.8495988
1658059115718 50.0519519 19.8495923
1658059117097 50.051943 19.8495873
1658059118419 50.0519348 19.8495764
1658059119000 50.0519309 19.8495619
1658059121000 50.0519257 19.8495505
1658059135857 50.0519149 19.8495542
1658059137378 50.0519051 19.8495592
1658059138918 50.0518947 19.8495636
1658059139000 50.0518834 19.8495635
1658059141818 50.0518693 19.8495569
1658059142638 50.0518602 19.8495517
1658059143918 50.051849 19.8495466
1658059145000 50.0518376 19.8495313
1658059148000 50.0518362 19.8495139
1658059152338 50.0518275 19.849518
1658059153857 50.0518219 19.8495329
1658059156578 50.0518126 19.8495412
1658059158401 50.0518039 19.8495369
1658059159657 50.0517945 19.8495321
1658059160937 50.0517845 19.8495255
1658059162238 50.0517751 19.8495243
1658059163000 50.0517625 19.8495204
1658059165058 50.0517522 19.8495231
1658059166437 50.0517432 19.8495307
1658059167787 50.0517332 19.8495384
1658059169837 50.0517198 19.8495399
1658059170000 50.0517089 19.8495364
1658059172398 50.0516983 19.849532
1658059173000 50.051685 19.8495268
1658059174897 50.051676 19.8495227
1658059175000 50.0516616 19.8495179
1658059176000 50.051651 19.8495162
1658059177000 50.0516424 19.8495206
1658059179658 50.0516352 19.8495311
1658059181038 50.051629 19.8495436
1658059182000 50.0516202 19.8495546
1658059184856 50.0516095 19.8495621
1658059187119 50.0516029 19.8495735
1658059188787 50.0516052 19.8495905
1658059189000 50.0516108 19.8496098
1658059191037 50.0516142 19.8496257
1658059191697 50.0516172 19.8496411
1658059192658 50.0516208 19.8496603
1658059193000 50.0516276 19.8496829
1658059195637 50.0516343 19.8497058
1658059197000 50.0516461 19.8497406
1658059197038 50.0516413 19.8497265
1658059200077 50.0516525 19.8497574
1658059202000 50.0516579 19.8497718
1658059206757 50.0516673 19.8497731
1658059209078 50.0516753 19.8497823
1658059212037 50.051688 19.8497903
1658059214378 50.0516985 19.8497943
1658059216000 50.0517068 19.8498085
1658059218000 50.0517133 19.8498231
1658059220000 50.0517229 19.849832
1658059222958 50.051735 19.849835
1658059223000 50.0517446 19.8498365
1658059225957 50.0517576 19.8498396
1658059226000 50.0517667 19.8498448
1658059227000 50.0517755 19.8498521
1658059229597 50.051788 19.8498659
1658059230377 50.0517945 19.8498757
1658059231358 50.0518018 19.8498886
1658059232716 50.0518107 19.8499046
1658059233000 50.0518167 19.8499246
1658059235878 50.051821 19.8499444
1658059237418 50.051825 19.8499605
1658059239638 50.0518276 19.8499754
1658059255936 50.0518159 19.8499718
1658059258000 50.0518055 19.8499727
1658059306000 50.0518146 19.8499631
1658059308787 50.0518262 19.8499577
1658059309000 50.0518392 19.849956
1658059311056 50.0518502 19.8499575
1658059311917 50.0518604 19.8499592
1658059312000 50.0518736 19.8499614
1658059314557 50.0518881 19.8499617
1658059315977 50.0518998 19.8499541
1658059316000 50.0519079 19.8499465
1658059319057 50.0519208 19.8499398
1658059320000 50.0519321 19.8499348
1658059322517 50.0519432 19.8499298
1658059323877 50.0519552 19.8499245
1658059324617 50.0519641 19.8499208
1658059325000 50.0519776 19.8499137
1658059327637 50.0519914 19.8499039
1658059328917 50.052002 19.8498966
1658059329000 50.0520113 19.849889
1658059331478 50.0520253 19.8498803
1658059332981 50.0520379 19.8498726
1658059335077 50.0520502 19.8498616
1658059336000 50.0520598 19.8498599
1658059338838 50.052071 19.8498543
1658059341000 50.0520784 19.8498683
1658059344000 50.0520877 19.8498687
1658059353000 50.0520858 19.8498834
1658059361000 50.0520933 19.8498705
1658059363820 50.0520952 19.849854
1658059365718 50.0520902 19.8498304
1658059366000 50.0520856 19.8498097
1658059368817 50.052086 19.8497855
1658059369000 50.0520894 19.8497715
1658059371000 50.0520979 19.8497592
1658059373000 50.0521085 19.8497584
1658059398017 50.0520977 19.8497643
1658059399000 50.0520872 19.8497531
1658059401000 50.0520795 19.8497429
1658059403918 50.0520663 19.8497298
1658059405592 50.0520538 19.849723
1658059407000 50.0520423 19.8497283
1658059412000 50.0520303 19.8497215
1658059414000 50.05202 19.8497157
1658059422000 50.0520168 19.8497026
1658059425000 50.0520047 19.8496882
1658059427000 50.051998 19.8496757
1658059431000 50.051992 19.8496642
1658059440816 50.0519866 19.8496527
1658059443797 50.0519973 19.849642
1658059445000 50.0520109 19.8496166
1658059445018 50.0520056 19.8496285
1658059446000 50.0520168 19.8496049
1658059448757 50.0520253 19.8495932
1658059450118 50.0520313 19.8495785
1658059451476 50.0520377 19.8495567
1658059452758 50.0520419 19.849539
1658059454098 50.0520475 19.8495209
1658059455000 50.0520569 19.8494999
1658059456000 50.052062 19.8494865
1658059457917 50.0520677 19.8494719
1658059458000 50.0520751 19.8494558
1658059459000 50.0520805 19.8494431
1658059460000 50.0520847 19.8494301
1658059461000 50.0520897 19.8493999
1658059463576 50.0520926 19.849379
1658059464778 50.0520977 19.8493596
1658059466000 50.052106 19.8493215
1658059466018 50.0521024 19.8493395
1658059467718 50.0521093 19.8493078
1658059468957 50.0521148 19.8492892
1658059469000 50.052121 19.8492754
1658059470000 50.0521285 19.8492639
1658059472138 50.0521347 19.8492525
1658059473337 50.0521401 19.8492374
1658059474477 50.0521451 19.8492213
1658059475697 50.0521504 19.8492071
1658059477017 50.0521579 19.8491933
1658059478123 50.0521675 19.8491805
1658059479338 50.0521773 19.8491687
1658059480619 50.0521859 19.8491593
1658059481000 50.0521949 19.8491486
1658059483857 50.0522059 19.8491354
1658059484000 50.0522162 19.8491295
1658059485000 50.052228 19.8491259
1658059486000 50.0522373 19.8491226
1658059488458 50.0522505 19.849112
1658059489788 50.0522599 19.8490992
1658059491037 50.0522662 19.8490862
1658059492936 50.0522713 19.8490676
1658059493000 50.0522784 19.8490571
1658059495419 50.0522878 19.8490476
1658059496637 50.0522941 19.849036
1658059497796 50.0523008 19.8490262
1658059499000 50.052318 19.8490076
1658059499096 50.0523098 19.8490169
1658059501000 50.0523298 19.8489909
1658059503517 50.0523374 19.8489795
1658059504717 50.052345 19.8489698
1658059506437 50.0523525 19.8489559
1658059507000 50.0523608 19.8489426
1658059508000 50.0523668 19.8489313
1658059510638 50.0523762 19.8489166
1658059511858 50.0523856 19.8489023
1658059513057 50.0523939 19.8488898
1658059514799 50.0524048 19.8488803
1658059515000 50.0524146 19.8488803
1658059516000 50.0524259 19.8488825
1658059517674 50.0524362 19.8488894
1658059519000 50.052455 19.848909
1658059519097 50.0524464 19.8488955
1658059520958 50.0524619 19.8489191
1658059521000 50.0524723 19.848932
1658059522000 50.0524824 19.8489438
1658059524118 50.0524923 19.8489545
1658059525336 50.0525035 19.8489654
1658059526598 50.0525134 19.8489753
1658059527724 50.0525245 19.8489854
1658059529000 50.0525463 19.8490023
1658059529037 50.0525365 19.8489958
1658059530000 50.0525575 19.8490079
1658059531978 50.0525661 19.8490125
1658059532000 50.0525789 19.8490183
1658059533878 50.0525893 19.8490231
1658059534958 50.0526016 19.8490283
1658059535000 50.052611 19.8490343
1658059536000 50.05262 19.8490402
1658059538716 50.052633 19.8490493
1658059539977 50.0526469 19.849057
1658059540000 50.0526593 19.8490656
1658059541000 50.0526684 19.8490714
1658059542898 50.0526793 19.8490771
1658059544058 50.0526917 19.8490861
1658059544787 50.052701 19.849093
1658059546000 50.0527272 19.8491024
1658059546017 50.0527169 19.8491002
1658059547000 50.0527382 19.8491057
1658059549018 50.0527489 19.8491106
1658059550082 50.052759 19.8491189
1658059551297 50.0527721 19.8491265
1658059552000 50.0527837 19.8491262
1658059553000 50.0527939 19.8491262
1658059555518 50.0528047 19.8491288
1658059556858 50.0528175 19.8491351
1658059558000 50.0528378 19.8491557
1658059558017 50.0528288 19.8491436
1658059560637 50.0528492 19.8491708
1658059561000 50.0528625 19.8491862
1658059562000 50.0528713 19.8491996
1658059564418 50.0528816 19.849216
1658059565537 50.0528915 19.8492292
1658059566918 50.0529037 19.8492447
1658059567000 50.0529125 19.8492589
1658059568000 50.0529168 19.8492715
1658059570000 50.0529249 19.8492834
1658059572000 50.0529339 19.8492799
1658059578000 50.0529424 19.8492723
1658059582000 50.052943 19.8492875
1658059584000 50.0529467 19.8493096
1658059585918 50.0529503 19.849328
1658059586577 50.0529527 19.8493417
1658059587917 50.0529568 19.8493652
1658059588598 50.0529605 19.8493812
1658059590698 50.052973 19.8494176
1658059591000 50.0529801 19.8494386
1658059592000 50.0529861 19.8494516
1658059593000 50.0529926 19.8494672
1658059594000 50.0529985 19.8494822
1658059595000 50.0530053 19.8494952
1658059597000 50.053011 19.8495092
1658059608000 50.0530198 19.8495134
1658059624639 50.0530239 19.8495265
1658059628000 50.0530216 19.8495407
1658059637239 50.0530135 19.8495479
1658059639960 50.0530206 19.8495768
1658059640000 50.0530272 19.8495936
1658059642000 50.0530447 19.8496215
1658059642059 50.053034 19.8496063
1658059644659 50.0530561 19.8496356
1658059645919 50.0530662 19.8496458
1658059646599 50.0530744 19.8496531
1658059647939 50.0530864 19.8496662
1658059648000 50.0530957 19.8496769
1658059649000 50.0531043 19.8496871
1658059650000 50.0531118 19.8496975
1658059652480 50.0531205 19.8497098
1658059653839 50.053131 19.849719
1658059654000 50.0531414 19.8497219
1658059657059 50.0531548 19.8497217
1658059658379 50.0531658 19.8497204
1658059659860 50.053176 19.8497187
1658059660000 50.0531872 19.8497167
1658059662220 50.0531982 19.8497144
1658059663519 50.0532099 19.8497104
1658059664808 50.0532217 19.8497048
1658059666000 50.053244 19.8496899
1658059666099 50.0532341 19.8496975
1658059668600 50.0532531 19.849679
1658059669800 50.0532618 19.849665
1658059671019 50.0532722 19.8496535
1658059672120 50.0532836 19.8496434
1658059673320 50.0532949 19.8496308
1658059674540 50.0533053 19.8496205
1658059675720 50.0533155 19.8496106
1658059676920 50.0533249 19.8495979
1658059677000 50.0533335 19.8495854
1658059678000 50.0533412 19.8495763
1658059680720 50.0533507 19.8495648
1658059682419 50.0533601 19.8495539
1658059683760 50.0533687 19.8495453
1658059684920 50.053377 19.8495367
1658059686180 50.0533868 19.8495198
1658059687940 50.0533965 19.8495051
1658059688000 50.0534054 19.8494915
1658059689000 50.053414 19.8494786
1658059691421 50.0534244 19.8494653
1658059692700 50.0534354 19.8494547
1658059693939 50.0534467 19.849445
1658059694000 50.0534587 19.8494374
1658059696000 50.05348 19.8494276
1658059696020 50.0534684 19.8494311
1658059697000 50.0534905 19.8494216
1658059698000 50.0534997 19.8494149
1658059700639 50.0535115 19.8494032
1658059701880 50.0535217 19.8493916
1658059703100 50.0535328 19.8493795
1658059704300 50.0535405 19.8493714
1658059705540 50.053549 19.8493609
1658059706760 50.0535578 19.8493487
1658059708059 50.0535649 19.8493368
1658059709000 50.0535749 19.8493227
1658059711000 50.0535852 19.8493163
1658059721020 50.0535891 19.8493307
1658059747500 50.0535963 19.8493399
1658059749000 50.0535884 19.8493519
1658059751000 50.0535788 19.849365
1658059752000 50.0535725 19.8493777
1658059753000 50.0535669 19.8493904
1658059754000 50.0535611 19.8494033
1658059756801 50.0535481 19.8494146
1658059757000 50.0535368 19.8494166
1658059765760 50.0535418 19.8494029
1658059766000 50.05355 19.8493909
1658059768659 50.053558 19.8493682
1658059769320 50.0535623 19.8493543
1658059770919 50.0535687 19.8493349
1658059771000 50.0535734 19.8493189
1658059773760 50.0535795 19.8493036
1658059775960 50.0535917 19.8492836
1658059777939 50.0535998 19.8492705
1658059779279 50.0536095 19.8492633
1658059780580 50.0536173 19.8492557
1658059781880 50.0536255 19.8492468
1658059783180 50.0536368 19.8492391
1658059784479 50.0536474 19.8492343
1658059785840 50.0536579 19.8492301
1658059786941 50.0536666 19.8492236
1658059788898 50.0536797 19.8492152
1658059790739 50.0536899 19.8492095
1658059792839 50.0536994 19.8491969
1658059794640 50.053705 19.8491853
1658059795000 50.0537094 19.8491715
1658059797339 50.0537094 19.8491556
1658059798000 50.0537114 19.849136
1658059799000 50.0537176 19.849125
1658059801758 50.0537258 19.8491134
1658059803039 50.0537381 19.8491101
1658059804940 50.0537491 19.8490973
1658059805700 50.0537558 19.8490843
1658059806000 50.0537597 19.849071
1658059808900 50.0537645 19.8490503
1658059810919 50.0537727 19.8490348
1658059811000 50.0537817 19.8490267
1658059812740 50.0537974 19.8490161
1658059813439 50.0538075 19.849011
1658059814659 50.0538205 19.8490003
1658059816000 50.0538398 19.8489771
1658059816019 50.0538316 19.8489874
1658059817920 50.0538468 19.8489671
1658059819939 50.0538561 19.8489518
1658059821939 50.0538644 19.8489389
1658059824040 50.0538742 19.8489314
1658059825420 50.0538835 19.8489248
1658059826820 50.053892 19.8489179
1658059827000 50.0539013 19.8489123
1658059829460 50.0539098 19.8489066
1658059830000 50.0539186 19.8488937
1658059832579 50.0539277 19.8488866
1658059834059 50.0539392 19.8488861
1658059836000 50.0539613 19.8488824
1658059836020 50.0539524 19.8488848
1658059839039 50.0539721 19.8488799
1658059840000 50.0539859 19.8488786
1658059841000 50.053996 19.84888
1658059843680 50.0540099 19.8488818
1658059844959 50.0540214 19.8488856
1658059845000 50.0540322 19.8488904
1658059847520 50.0540463 19.848894
1658059848899 50.0540567 19.84889
1658059849000 50.0540653 19.8488848
1658059851519 50.0540759 19.8488824
1658059852000 50.0540888 19.8488862
1658059854740 50.0540979 19.8488925
1658059856720 50.054109 19.8488994
1658059858019 50.0541195 19.8489017
1658059859840 50.0541293 19.8489095
1658059860000 50.0541378 19.8489196
1658059862479 50.054145 19.8489287
1658059863700 50.0541543 19.8489384
1658059865899 50.054165 19.8489439
1658059868000 50.0541753 19.8489492
1658059873000 50.0541806 19.8489365
1658059878000 50.0541899 19.8489393
1658059888000 50.0542015 19.848938
1658059910000 50.0542086 19.848928
1658059918000 50.0542016 19.8489369
1658059933000 50.0541945 19.8489504
1658059937121 50.0541988 19.848967
1658059938479 50.0541972 19.8489833
1658059939000 50.0541998 19.8489984
1658059941587 50.054198 19.8490163
1658059943680 50.0541972 19.8490352
1658059944000 50.0542059 19.8490517
1658059945000 50.0542157 19.8490604
1658059947519 50.0542281 19.8490639
1658059948000 50.0542373 19.8490719
1658059951000 50.054232 19.8490859
1658059954520 50.0542355 19.8490994
1658059956000 50.0542439 19.849111
1658059959920 50.0542513 19.8491202
1658059962000 50.0542559 19.849135
1658059964719 50.0542611 19.8491526
1658059965000 50.0542683 19.8491754
1658059967000 50.05428 19.8492075
1658059967040 50.0542735 19.8491902
1658059968980 50.0542851 19.8492223
1658059969700 50.0542906 19.8492401
1658059971000 50.0542968 19.8492731
1658059971100 50.0542935 19.8492551
1658059974040 50.0543015 19.8492945
1658059975400 50.0543047 19.8493116
1658059976940 50.0543075 19.8493256
1658059985000 50.05431 19.8493409
1658059987941 50.054307 19.8493552
1658059988000 50.0543008 19.8493708
1658059991999 50.0542931 19.8493799
1658059995580 50.0542942 19.849403
1658059996960 50.0542934 19.8494227
1658059997000 50.054294 19.8494477
1658059999000 50.0542993 19.8494737
1658060002000 50.0543035 19.849488
1658060012000 50.0543106 19.8494985
1658060017319 50.0543159 19.849511
1658060018999 50.05432 19.8495263
1658060019000 50.0543261 19.8495428
1658060021082 50.054333 19.8495572
1658060021778 50.05434 19.8495669
1658060022000 50.0543509 19.8495834
1658060024000 50.054367 19.8496098
1658060024038 50.0543588 19.8495976
1658060026580 50.0543746 19.8496284
1658060027000 50.0543811 19.8496454
1658060029521 50.0543863 19.8496592
1658060030901 50.0543921 19.8496765
1658060032980 50.0543967 19.8496912
1658060034000 50.0544032 19.8497119
1658060036000 50.0544063 19.8497262
1658060038699 50.0544079 19.8497438
1658060039000 50.0544088 19.8497618
1658060041000 50.0544084 19.8497829
1658060043000 50.0544121 19.8497981
1658060045580 50.0544162 19.8498128
1658060047040 50.054419 19.8498276
1658060048000 50.054425 19.8498479
1658060050859 50.0544345 19.8498563
1658060059840 50.054434 19.8498722
1658060061000 50.0544317 19.8499019
1658060061100 50.0544325 19.8498874
1658060062000 50.0544307 19.8499159
1658060063000 50.0544291 19.8499343
1658060065000 50.0544382 19.8499741
1658060065581 50.0544325 19.8499593
1658060067000 50.0544462 19.8499909
1658060075000 50.0544496 19.8500083
1658060078600 50.0544474 19.8500303
1658060080000 50.0544516 19.8500635
1658060080100 50.0544481 19.8500476
1658060083000 50.0544699 19.8500849
1658060083039 50.0544606 19.8500811
1658060085659 50.0544816 19.8500838
1658060096620 50.0544816 19.850098
1658060098739 50.0544792 19.8501162
1658060100380 50.054476 19.8501348
1658060101000 50.0544761 19.8501546
1658060103900 50.0544756 19.8501725
1658060106579 50.0544681 19.850182
1658060108000 50.0544575 19.8501884
1658060110660 50.0544477 19.8501952
1658060111000 50.0544374 19.8502028
1658060113000 50.0544262 19.8502104
1658060115898 50.0544136 19.8502189
1658060117540 50.0544036 19.8502314
1658060118000 50.0544002 19.8502458
1658060120000 50.0544022 19.8502649
1658060129000 50.0543969 19.8502766
1658060133000 50.0543982 19.8502913
1658060139000 50.0544012 19.8503068
1658060142000 50.0544054 19.8502916
1658060145000 50.0544097 19.8502788
1658060150000 50.0543995 19.8502722
1658060153000 50.0543878 19.8502782
1658060155700 50.0543812 19.8502898
1658060157000 50.054377 19.8503025
1658060166000 50.0543677 19.8503062
1658060169599 50.054356 19.8503025
1658060170900 50.0543459 19.8503029
1658060172639 50.054336 19.8503117
1658060173000 50.0543298 19.8503225
1658060175000 50.0543256 19.85034
1658060180000 50.0543161 19.8503475
1658060186079 50.0543069 19.8503449
1658060187000 50.054297 19.8503429
1658060191000 50.0542883 19.8503517
1658060220000 50.0542766 19.8503514
1658060223558 50.0542664 19.8503454
1658060224000 50.0542548 19.8503421
1658060226920 50.0542365 19.8503448
1658060227000 50.054229 19.8503555
1658060228000 50.054226 19.8503695
1658060230000 50.0542255 19.8503857
1658060233340 50.0542162 19.8503954
1658060234519 50.0542071 19.8503955
1658060236000 50.054181 19.8503994
1658060236080 50.054193 19.8503956
1658060238499 50.054169 19.8504076
1658060239000 50.0541556 19.8504166
1658060240000 50.0541475 19.8504292
1658060241758 50.0541408 19.8504406
1658060242000 50.0541359 19.850454
1658060245039 50.0541288 19.8504776
1658060246880 50.0541266 19.8504968
1658060249521 50.0541273 19.8505111
1658060252400 50.0541305 19.8505252
1658060255820 50.0541254 19.8505395
1658060257000 50.0541196 19.8505512
1658060273000 50.0541172 19.8505655
1658060277000 50.0541236 19.8505804
1658060279740 50.05413 19.8505916
1658060280000 50.0541382 19.8506023
1658060281000 50.0541461 19.8506138
1658060283000 50.0541532 19.8506317
1658060285600 50.0541578 19.8506506
1658060287040 50.0541657 19.8506688
1658060289000 50.054189 19.8506866
1658060291200 50.0541998 19.8506914
1658060291741 50.0542091 19.8506974
1658060293759 50.0542227 19.8507027
1658060294000 50.0542323 19.8507132
1658060295000 50.0542379 19.8507246
1658060297100 50.0542455 19.8507366
1658060298000 50.0542589 19.850748
1658060300000 50.0542709 19.8507482
1658060302000 50.0542797 19.8507411
1658060304880 50.0542891 19.850733
1658060306000 50.0543113 19.8507179
1658060306083 50.0542981 19.8507274
1658060307000 50.0543196 19.8507098
1658060309940 50.0543326 19.8506945
1658060310000 50.0543411 19.8506822
1658060312720 50.0543512 19.85067
1658060314159 50.0543594 19.8506629
1658060316420 50.0543689 19.8506586
1658060318000 50.0543773 19.850649
1658060322099 50.054383 19.850638
1658060324000 50.0543914 19.8506273
1658060327000 50.0543998 19.8506164
1658060332639 50.0544092 19.8506096
1658060334059 50.054418 19.8506065
1658060335819 50.0544314 19.8506041
1658060337099 50.0544408 19.8506009
1658060338000 50.0544491 19.8505885
1658060340619 50.0544584 19.850579
1658060342000 50.0544683 19.8505679
1658060344000 50.054479 19.8505559
1658060360000 50.0544886 19.8505619
1658060363000 50.0544973 19.8505521
1658060365000 50.0545092 19.8505411
1658060368360 50.0545189 19.8505336
1658060370680 50.0545288 19.8505377
1658060372920 50.0545369 19.850551
1658060374000 50.054549 19.8505562
1658060376000 50.0545614 19.8505564
1658060378000 50.0545731 19.8505536
1658060384939 50.0545784 19.8505423
1658060387400 50.0545775 19.8505207
1658060388679 50.0545741 19.8505001
1658060390020 50.05457 19.850483
1658060390819 50.0545651 19.8504678
1658060392100 50.0545597 19.8504505
1658060393981 50.0545534 19.8504225
1658060394820 50.0545518 19.8504085
1658060395000 50.0545504 19.8503911
1658060396000 50.0545479 19.8503775
1658060398160 50.0545449 19.8503633
1658060400000 50.0545483 19.8503468
1658060406019 50.0545498 19.8503622
1658060407420 50.0545477 19.8503835
1658060408700 50.0545493 19.8504067
1658060409000 50.0545529 19.8504226
1658060413999 50.0545625 19.8504151
1658060423719 50.0545743 19.850429
1658060425095 50.0545741 19.8504499
1658060426360 50.0545734 19.8504645
1658060429880 50.0545747 19.8504487
1658060443000 50.0545746 19.8504339
1658060452960 50.0545714 19.8504486
1658060455600 50.054569 19.8504653
1658060457599 50.0545701 19.8504837
1658060458959 50.0545704 19.8504979
1658060460979 50.0545732 19.8505155
1658060461000 50.0545757 19.8505301
1658060462000 50.054578 19.8505466
1658060463000 50.0545804 19.8505687
1658060464880 50.054582 19.8505834
1658060466039 50.0545829 19.8506029
1658060471800 50.0545791 19.8505839
1658060473000 50.0545802 19.8505685
1658060477920 50.0545839 19.8505871
1658060479580 50.0545858 19.8506023
1658060481000 50.0545929 19.8506189
1658060483000 50.0546026 19.8506228
1658060486000 50.0546116 19.850624
1658060491789 50.0546206 19.8506283
1658060494000 50.0546201 19.8506432
1658060496000 50.0546209 19.8506589
1658060498939 50.0546238 19.8506757
1658060500000 50.0546343 19.8506917
1658060508660 50.0546284 19.8506809
1658060511000 50.054628 19.8506653
1658060516000 50.0546201 19.8506574
1658060531000 50.054611 19.8506549
1658060535519 50.0546194 19.8506666
1658060538360 50.0546195 19.8506831
1658060540000 50.0546219 19.8507048
1658060543000 50.0546295 19.8507169
1658060552000 50.054631 19.850732
1658060595000 50.0546326 19.850746
1658060597000 50.0546265 19.8507649
1658060604039 50.0546251 19.8507819
1658060605860 50.0546323 19.8507991
1658060607000 50.0546384 19.8508201
1658060610792 50.0546459 19.8508302
1658060613000 50.0546529 19.8508454
1658060634000 50.0546518 19.8508625
1658060637000 50.0546478 19.8508767
1658060639000 50.0546463 19.8508941
1658060642119 50.054647 19.8509157
1658060643000 50.054655 19.850927
1658060657582 50.0546553 19.8509421
1658060659699 50.0546483 19.8509527
1658060660000 50.0546465 19.8509675
1658060662499 50.0546461 19.8509823
1658060662600 50.0546471 19.8509978
1658060663000 50.0546488 19.8510184
1658060664000 50.0546539 19.8510437
1658060665840 50.0546563 19.8510576
1658060667058 50.0546554 19.8510766
1658060667939 50.0546527 19.8510942
1658060668000 50.0546494 19.8511166
1658060670540 50.054649 19.8511375
1658060671960 50.054655 19.8511527
1658060672621 50.0546658 19.8511617
1658060674000 50.0546756 19.8511694
1658060676960 50.0546872 19.8511756
1658060678000 50.0547005 19.8511804
1658060681000 50.05471 19.8511778
1658060685000 50.0547203 19.8511759
1658060687000 50.0547314 19.8511779
1658060688880 50.0547405 19.851183
1658060691000 50.054763 19.8512035
1658060691060 50.0547541 19.8511959
1658060693720 50.0547734 19.8512095
1658060695080 50.0547826 19.8512185
1658060697980 50.0547875 19.8512369
1658060699840 50.0547931 19.8512546
1658060700000 50.0547983 19.8512674
1658060701000 50.0548025 19.8512807
1658060703459 50.0548061 19.8512971
1658060704740 50.0548072 19.8513155
1658060705000 50.0548051 19.8513309
1658060707000 50.0548011 19.8513488
1658060709959 50.054797 19.8513647
1658060711000 50.0547911 19.8513764
1658060714000 50.054784 19.8513862
1658060727363 50.0547838 19.8513816
1658060730000 50.0547897 19.8513657
1658060738000 50.0547805 19.8513606
1658060741000 50.054768 19.8513693
1658060744000 50.054761 19.8513833
1658060749819 50.0547532 19.8513929
1658060751000 50.0547443 19.8514019
1658060752425 50.054735 19.8514077
1658060754759 50.0547244 19.8514167
1658060756380 50.0547191 19.851433
1658060758000 50.0547038 19.8514609
1658060758059 50.0547113 19.8514491
1658060759000 50.0546958 19.8514703
1658060761613 50.054684 19.8514774
1658060763000 50.0546626 19.8514991
1658060765819 50.054657 19.8515219
1658060766000 50.0546558 19.8515384
1658060767961 50.0546569 19.8515543
1658060768000 50.0546602 19.8515778
1658060770720 50.0546649 19.8515989
1658060772121 50.0546687 19.8516205
1658060773542 50.05467 19.8516422
1658060774000 50.0546697 19.8516646
1658060776580 50.0546659 19.8516845
1658060778141 50.0546619 19.8517034
1658060779480 50.0546571 19.8517283
1658060780840 50.054654 19.8517449
1658060781000 50.0546509 19.8517614
1658060783480 50.0546472 19.851781
1658060784840 50.0546437 19.8518011
1658060785000 50.0546442 19.8518215
1658060787519 50.0546464 19.8518397
1658060788900 50.0546479 19.8518609
1658060789700 50.0546502 19.8518767
1658060790000 50.0546516 19.8518921
1658060793060 50.0546517 19.8519079
1658060794000 50.0546446 19.8519286
1658060795000 50.0546365 19.8519397
1658060797300 50.0546277 19.8519514
1658060798611 50.0546213 19.8519639
1658060800060 50.0546121 19.851976
1658060801000 50.0546034 19.8519859
1658060805059 50.0545844 19.8520024
1658060807119 50.0545768 19.8520168
1658060808460 50.0545729 19.8520314
1658060809820 50.0545707 19.8520485
1658060810000 50.0545691 19.8520651
1658060812700 50.0545688 19.8520829
1658060813000 50.0545711 19.8521021
1658060815700 50.0545782 19.8521283
1658060831144 50.0545818 19.8521479
1658060834000 50.0545745 19.8521642
1658060846699 50.054576 19.8521784
1658060849758 50.0545862 19.8521875
1658060851800 50.0545963 19.852199
1658060853919 50.0546065 19.8522169
1658060854000 50.0546143 19.8522393
1658060856510 50.0546232 19.8522592
1658060857730 50.0546283 19.8522765
1658060858809 50.0546323 19.8522931
1658060859611 50.0546391 19.8523148
1658060861090 50.0546423 19.8523287
1658060862410 50.0546423 19.8523478
1658060863770 50.0546443 19.8523618
1658060864519 50.0546469 19.8523763
1658060865000 50.0546479 19.8523905
1658060867000 50.0546494 19.8524101
1658060869950 50.0546535 19.8524285
1658060870790 50.0546585 19.8524498
1658060872241 50.0546675 19.8524572
1658060873444 50.0546764 19.852468
1658060874000 50.0546914 19.8524838
1658060876000 50.0546926 19.8524977
1658060894122 50.0546887 19.8525184
1658060896540 50.0546934 19.8525319
1658060898640 50.0547009 19.8525454
1658060899999 50.0547088 19.8525588
1658060901360 50.0547177 19.8525748
1658060902700 50.0547251 19.8525907
1658060904040 50.0547322 19.852606
1658060904800 50.0547408 19.852621
1658060906780 50.0547493 19.8526406
1658060907000 50.0547565 19.8526583
1658060909000 50.0547585 19.8526797
1658060917999 50.0547544 19.8526932
1658060918214 50.054759 19.8527058
1658060919000 50.0547646 19.8527212
1658060921950 50.0547721 19.852741
1658060922000 50.0547764 19.8527558
1658060924930 50.0547833 19.8527874
1658060926929 50.0547864 19.8528085
1658060928330 50.054788 19.8528261
1658060929000 50.0547931 19.8528457
1658060931779 50.0548009 19.8528637
1658060933100 50.0548066 19.8528793
1658060935103 50.0548158 19.8529025
1658060936000 50.0548256 19.8529273
1658060938000 50.0548352 19.8529557
1658060940612 50.0548408 19.8529708
1658060942780 50.054853 19.8529807
1658060943000 50.054863 19.852982
1658060944000 50.0548736 19.8529791
1658060946000 50.0548883 19.852971
1658060947000 50.0548974 19.8529639
1658060949640 50.0549143 19.8529485
1658060951480 50.0549244 19.8529414
1658060952940 50.0549344 19.8529321
1658060953000 50.0549452 19.8529231
1658060954900 50.0549572 19.8529145
1658060956760 50.0549691 19.8529104
1658060958080 50.0549816 19.8529038
1658060958340 50.0549916 19.8528982
1658060960099 50.0550014 19.8528907
1658060962100 50.055017 19.8528806
1658060963459 50.0550272 19.8528734
1658060964000 50.0550418 19.852868
1658060966680 50.0550517 19.8528732
1658060967000 50.0550587 19.8528827
1658060968000 50.055062 19.8528965
1658060969000 50.0550621 19.8529138
1658060971318 50.0550578 19.8529295
1658060972760 50.055051 19.8529445
1658060973000 50.0550442 19.8529616
1658060975760 50.0550406 19.8529827
1658060977720 50.0550403 19.8530021
1658060979000 50.0550364 19.8530222
1658060983120 50.0550293 19.8530341
1658060984000 50.0550206 19.8530464
1658060987000 50.0550193 19.8530616
1658060991000 50.0550161 19.8530769
1658061018465 50.0550231 19.8530857
1658061020719 50.0550177 19.8531013
1658061021000 50.0550093 19.8531162
1658061022000 50.0550011 19.8531269
1658061024960 50.0549913 19.8531448
1658061026481 50.0549904 19.8531624
1658061027924 50.0549949 19.8531817
1658061028980 50.0549999 19.8531939
1658061029000 50.0550061 19.8532055
1658061031000 50.0550147 19.8532148
1658061044000 50.055019 19.8532333
1658061046560 50.0550136 19.853248
1658061047000 50.0549999 19.8532591
1658061048979 50.0549898 19.853259
1658061049900 50.0549774 19.8532527
1658061052580 50.054967 19.8532576
1658061054480 50.0549597 19.8532738
1658061055320 50.0549556 19.8532886
1658061056780 50.0549525 19.853308
1658061057000 50.0549523 19.8533292
1658061058000 50.0549546 19.8533454
1658061060739 50.054956 19.8533601
1658061066360 50.0549476 19.8533501
1658061067000 50.0549429 19.8533337
1658061069000 50.0549372 19.8533141
1658061071519 50.0549296 19.8532926
1658061072919 50.0549224 19.8532723
1658061073000 50.0549149 19.8532531
1658061074820 50.0549086 19.8532338
1658061076000 50.0548968 19.8531938
1658061076059 50.0549034 19.8532147
1658061078000 50.0548861 19.8531605
1658061078061 50.0548921 19.8531792
1658061079000 50.0548762 19.8531362
1658061081819 50.054866 19.8531169
1658061083000 50.0548443 19.8530928
1658061083099 50.0548543 19.8531001
1658061085619 50.0548324 19.8530809
1658061086739 50.0548245 19.8530699
1658061087960 50.0548141 19.8530635
1658061088649 50.0548037 19.853069
1658061090459 50.054791 19.85308
1658061091000 50.0547752 19.8530937
1658061093000 50.0547566 19.8531076
1658061095000 50.054734 19.8531247
1658061097000 50.0547138 19.8531393
1658061097060 50.0547247 19.8531301
1658061098677 50.0547057 19.8531486
1658061099880 50.0546978 19.8531568
1658061100000 50.0546925 19.8531705
1658061102820 50.0546891 19.8531968
1658061103000 50.0546901 19.8532174
1658061105682 50.0546945 19.8532446
1658061107000 50.0546992 19.8532645
1658061108080 50.0547061 19.8532754
1658061109280 50.0547155 19.8532766
1658061110700 50.0547245 19.8532794
1658061112000 50.0547336 19.8532751
1658061116000 50.0547383 19.853261
1658061127000 50.0547475 19.8532593
1658061134100 50.0547459 19.8532746
1658061135860 50.0547434 19.8532928
1658061136000 50.0547441 19.8533094
1658061138719 50.0547492 19.8533285
1658061140340 50.0547559 19.8533507
1658061141000 50.0547638 19.8533641
1658061143800 50.054773 19.8533802
1658061144000 50.0547822 19.8533979
1658061146946 50.0547848 19.8534129
1658061148000 50.0547834 19.8534307
1658061151460 50.0547805 19.8534473
1658061153620 50.0547811 19.8534632
1658061156000 50.0547804 19.8534782
1658061164000 50.0547713 19.853488
1658061169019 50.0547618 19.8534967
1658061176000 50.0547531 19.853502
1658061188971 50.0547601 19.8535144
1658061230269 50.0547601 19.8535291
1658061237000 50.0547559 19.8536632
1658061238000 50.0547444 19.853668
1658061239000 50.0547661 19.8537163
1658061240000 50.0547976 19.8537381
1658061241000 50.0548255 19.8537482
1658061242000 50.0548362 19.8537383
1658061243000 50.0548565 19.8537312
1658061244000 50.0548698 19.8537358
1658061245000 50.0548903 19.8537586
1658061247000 50.0548979 19.8537675
1658061398000 50.0547641 19.8536664
1658061399679 50.0547382 19.8536563
1658061400740 50.0545949 19.8536187
1658061401360 50.0545118 19.8535532
1658061402000 50.0545423 19.8534893
1658061402060 50.0545036 19.8535301
1658061402841 50.0545258 19.8534995
1658061403000 50.0545798 19.8534788
1658061404860 50.0546203 19.8534754
1658061405000 50.0546867 19.8534744
1658061405400 50.0546659 19.8534734
1658061406200 50.0547206 19.8534745
1658061406858 50.0547429 19.8534779
1658061407000 50.0547973 19.8534909
1658061407700 50.0547825 19.8534855
1658061409099 50.0548266 19.853507
1658061409607 50.0548513 19.853521
1658061410379 50.0548667 19.8535361
1658061411719 50.0548771 19.8535592
1658061412000 50.054881 19.8535808
1658061413000 50.0548832 19.8535974
1658061414000 50.0548857 19.8536116
1658061416578 50.0548886 19.8536316
1658061417959 50.0548924 19.8536543
1658061418000 50.0548967 19.8536696
1658061420000 50.0549063 19.8536975
1658061420079 50.054901 19.8536831
1658061422938 50.0549131 19.8537179
1658061423000 50.0549197 19.8537318
1658061425659 50.0549285 19.8537486
1658061427000 50.0549337 19.8537645
1658061428300 50.054938 19.85378
1658061429000 50.0549443 19.8537984
1658061431559 50.0549541 19.853814
1658061432899 50.0549628 19.8538279
1658061433000 50.0549693 19.8538396
1658061435019 50.0549759 19.8538542
1658061436880 50.0549816 19.8538712
1658061438240 50.0549857 19.853887
1658061439000 50.054991 19.8539088
1658061441880 50.0549963 19.8539238
1658061443980 50.0549971 19.8539394
1658061446100 50.05499 19.8539507
1658061448000 50.0549902 19.8539681
1658061452000 50.0549977 19.8539824
1658061453960 50.0550022 19.8539977
1658061455000 50.0550057 19.8540148
1658061457000 50.0550108 19.8540297
1658061458000 50.0550189 19.8540439
1658061461000 50.0550266 19.8540538
1658061464000 50.0550398 19.85406
1658061467820 50.0550499 19.854066
1658061470000 50.055065 19.8540738
1658061471919 50.0550731 19.8540864
1658061472000 50.0550785 19.8540981
1658061474540 50.0550851 19.8541181
1658061475720 50.0550954 19.8541475
1658061476961 50.0550986 19.8541608
1658061478419 50.0551 19.8541802
1658061479000 50.0551027 19.8542032 