1658056240000 50.0553417 19.8542383
1658056241000 50.0554382 19.8539237
1658056242000 50.0554279 19.8539085
1658056243000 50.0554163 19.8539499
1658056244000 50.0554145 19.8539861
1658056245000 50.055414 19.8540093
1658056246000 50.0553909 19.8540278
1658056247000 50.0553738 19.8540571
1658056248000 50.0553729 19.8540943
1658056249000 50.055371 19.8541307
1658056251000 50.0553558 19.854158
1658056252000 50.0553397 19.8541889
1658056252852 50.0553333 19.8541999
1658056255000 50.0553227 19.8542016
1658056256000 50.0553105 19.8541947
1658056256209 50.0552982 19.8541882
1658056257332 50.0552797 19.8541856
1658056258492 50.0552657 19.85419
1658056259594 50.0552566 19.8541914
1658056261449 50.055242 19.8542045
1658056263000 50.0552368 19.8542259
1658056263088 50.0552355 19.8542489
1658056265000 50.0552281 19.854263
1658056266000 50.0552201 19.8542714
1658056267000 50.0552097 19.854276
1658056268000 50.0551998 19.8542771
1658056269000 50.0551901 19.8542804
1658056270000 50.0551807 19.8542875
1658056271033 50.0551679 19.8542961
1658056272169 50.0551557 19.8543051
1658056273630 50.0551393 19.8543191
1658056275000 50.0551297 19.8543317
1658056276000 50.0551204 19.8543467
1658056276333 50.0551086 19.8543711
1658056277767 50.0550969 19.8543774
1658056278832 50.0550831 19.8543837
1658056280000 50.0550733 19.85439
1658056281000 50.0550636 19.8543954
1658056282000 50.0550459 19.8544028
1658056283000 50.0550321 19.8544075
1658056284000 50.0550162 19.8544151
1658056285000 50.0550021 19.8544221
1658056286000 50.0549914 19.8544271
1658056287191 50.0549833 19.8544382
1658056288211 50.0549758 19.854451
1658056289229 50.0549627 19.8544702
1658056289852 50.0549546 19.8544835
1658056291248 50.0549398 19.8545087
1658056292163 50.0549305 19.8545283
1658056293391 50.0549211 19.8545531
1658056295000 50.0549359 19.8545683
1658056297000 50.0549267 19.8545944
1658056298000 50.0549193 19.8546119
1658056299000 50.0549093 19.8546304
1658056300000 50.0549003 19.8546464
1658056301000 50.0548936 19.8546567
1658056303000 50.0548798 19.8546712
1658056304000 50.0548696 19.8546847
1658056304473 50.0548612 19.8546961
1658056305031 50.0548548 19.8547064
1658056306052 50.0548433 19.8547266
1658056308000 50.0548196 19.8547635
1658056309000 50.0548091 19.8547737
1658056310000 50.0547958 19.8547827
1658056310852 50.0547836 19.8547948
1658056312350 50.054768 19.8548016
1658056313389 50.0547573 19.8547986
1658056315000 50.0547474 19.8547888
1658056316000 50.0547391 19.8547772
1658056317568 50.0547234 19.8547604
1658056318591 50.0547147 19.8547445
1658056319672 50.0547056 19.8547265
1658056320171 50.0546981 19.8547138
1658056321285 50.0546892 19.8546985
1658056323000 50.0546719 19.8546724
1658056324511 50.0546634 19.8546628
1658056324991 50.0546533 19.8546516
1658056326012 50.0546395 19.8546392
1658056327000 50.0546317 19.8546312
1658056328000 50.0546172 19.854615
1658056328131 50.0546097 19.8546063
1658056329232 50.0545947 19.8545889
1658056330308 50.0545822 19.854572
1658056331351 50.0545724 19.8545561
1658056332451 50.0545633 19.8545382
1658056333634 50.0545529 19.8545184
1658056334591 50.0545429 19.8545013
1658056335154 50.0545343 19.8544861
1658056337000 50.0545242 19.8544689
1658056338000 50.0545138 19.8544525
1658056338352 50.054505 19.8544401
1658056339311 50.0544918 19.854422
1658056341000 50.0544696 19.8543924
1658056341428 50.0544619 19.8543824
1658056343000 50.0544485 19.8543617
1658056344000 50.0544384 19.8543413
1658056345000 50.0544287 19.8543177
1658056345474 50.0544157 19.8542895
1658056346590 50.0544087 19.8542731
1658056347670 50.0543991 19.8542577
1658056349000 50.0543913 19.8542489
1658056350000 50.0543797 19.8542391
1658056351000 50.0543682 19.8542238
1658056352000 50.0543623 19.85421
1658056353000 50.0543564 19.8541943
1658056354000 50.0543519 19.8541804
1658056354205 50.0543473 19.8541676
1658056355609 50.0543404 19.8541541
1658056357000 50.0543337 19.854141
1658056358000 50.0543255 19.8541263
1658056358371 50.0543182 19.8541161
1658056359352 50.0543061 19.8540998
1658056360553 50.054289 19.8540757
1658056361531 50.0542754 19.8540615
1658056363000 50.0542613 19.8540445
1658056363633 50.0542463 19.8540286
1658056364131 50.0542376 19.8540203
1658056365195 50.054219 19.8539977
1658056366315 50.0542067 19.8539822
1658056367341 50.0541959 19.8539672
1658056368353 50.0541882 19.8539514
1658056369392 50.0541796 19.8539344
1658056370454 50.0541683 19.8539164
1658056371513 50.0541619 19.8539051
1658056373610 50.0541503 19.8538882
1658056374276 50.0541406 19.8538839
1658056376000 50.054132 19.853876
1658056377000 50.0541233 19.8538686
1658056377472 50.0541144 19.8538618
1658056379000 50.0541031 19.8538522
1658056380054 50.0540895 19.8538407
1658056381000 50.0540797 19.8538301
1658056382000 50.0540685 19.8538175
1658056382212 50.0540618 19.8538081
1658056383336 50.05405 19.8537885
1658056384373 50.0540402 19.853769
1658056386000 50.0540251 19.8537375
1658056387090 50.0540166 19.8537194
1658056387973 50.0540093 19.8537042
1658056389553 50.0539952 19.8536793
1658056390611 50.0539829 19.8536553
1658056391650 50.0539735 19.8536362
1658056393000 50.0539665 19.8536206
1658056393231 50.05396 19.8536055
1658056394306 50.0539503 19.853587
1658056395452 50.0539351 19.8535653
1658056396510 50.0539245 19.8535521
1658056398000 50.0539124 19.8535331
1658056399000 50.0539009 19.8535134
1658056399171 50.053894 19.8535013
1658056399356 50.0538876 19.8534902
1658056401000 50.0538773 19.8534731
1658056402000 50.0538652 19.8534567
1658056403000 50.0538542 19.8534412
1658056403451 50.0538472 19.8534311
1658056404491 50.0538364 19.8534166
1658056406609 50.0538142 19.8533898
1658056407652 50.053804 19.8533783
1658056409000 50.0537955 19.8533664
1658056410000 50.053787 19.8533574
1658056411473 50.0537783 19.8533537
1658056413531 50.0537698 19.8533396
1658056414593 50.0537625 19.8533285
1658056415649 50.0537538 19.8533128
1658056419000 50.0537507 19.8532957
1658056420000 50.0537464 19.8532823
1658056421000 50.0537407 19.8532654
1658056422000 50.0537354 19.853253
1658056423000 50.0537285 19.853239
1658056424432 50.0537209 19.8532243
1658056426570 50.0537157 19.8532094
1658056427551 50.05371 19.8531954
1658056428575 50.053705 19.8531804
1658056430000 50.0536973 19.8531567
1658056430732 50.0536913 19.8531375
1658056432409 50.0536834 19.8531133
1658056433490 50.0536775 19.8530956
1658056434551 50.0536713 19.8530785
1658056437000 50.0536637 19.8530612
1658056439000 50.053655 19.8530525
1658056440188 50.0536461 19.8530439
1658056442000 50.0536378 19.8530359
1658056443000 50.053627 19.8530263
1658056444010 50.0536156 19.8530147
1658056445055 50.053605 19.8530022
1658056446071 50.0535954 19.8529899
1658056447131 50.0535862 19.8529773
1658056448173 50.0535792 19.852968
1658056449249 50.0535715 19.8529555
1658056450341 50.053565 19.8529432
1658056451327 50.0535579 19.8529291
1658056453000 50.0535475 19.8529114
1658056454000 50.0535411 19.8528969
1658056455000 50.053533 19.8528828
1658056455533 50.0535263 19.8528723
1658056455975 50.0535191 19.8528603
1658056456162 50.0535081 19.8528388
1658056458000 50.0534965 19.8528155
1658056458012 50.0534889 19.8528014
1658056459000 50.0534816 19.8527886
1658056459074 50.053473 19.8527743
1658056460000 50.0534659 19.8527631
1658056460132 50.0534578 19.8527518
1658056461191 50.0534435 19.8527325
1658056461893 50.0534328 19.852721
1658056462253 50.053424 19.8527104
1658056463353 50.0534151 19.8526981
1658056463973 50.0534081 19.8526875
1658056465000 50.0534006 19.8526762
1658056466000 50.0533882 19.8526571
1658056467000 50.0533796 19.8526431
1658056468230 50.0533668 19.8526235
1658056469336 50.0533419 19.8525881
1658056470432 50.0533154 19.8525515
1658056471528 50.0532959 19.8525226
1658056472650 50.0532797 19.8524936
1658056474000 50.053274 19.8524802
1658056475000 50.0532688 19.8524655
1658056475971 50.0532629 19.8524498
1658056478000 50.0532533 19.8524324
1658056479212 50.053243 19.8524151
1658056480253 50.0532345 19.8523991
1658056481310 50.0532275 19.8523825
1658056483000 50.0532193 19.8523573
1658056484000 50.0532135 19.8523412
1658056485000 50.0532078 19.8523241
1658056485930 50.0532017 19.8523045
1658056486952 50.0531939 19.8522898
1658056487594 50.053185 19.8522757
1658056488629 50.053171 19.8522578
1658056489069 50.0531621 19.8522474
1658056489632 50.0531548 19.8522388
1658056490011 50.0531471 19.8522286
1658056490653 50.05314 19.8522188
1658056492000 50.0531291 19.8521974
1658056493000 50.0531186 19.8521733
1658056493773 50.0531147 19.8521594
1658056495191 50.0531081 19.8521498
1658056496233 50.0531007 19.8521411
1658056498000 50.0530849 19.8521226
1658056498953 50.0530694 19.8521039
1658056500013 50.0530551 19.852085
1658056501071 50.0530404 19.8520663
1658056502133 50.0530252 19.852051
1658056502511 50.053015 19.8520414
1658056504000 50.0530022 19.8520351
1658056504650 50.0529937 19.8520297
1658056505317 50.0529812 19.8520222
1658056506325 50.0529556 19.8520049
1658056508000 50.0529243 19.8519819
1658056508412 50.0529148 19.8519741
1658056509414 50.0529021 19.8519602
1658056510490 50.0528905 19.8519458
1658056511512 50.0528785 19.8519319
1658056512572 50.052865 19.8519152
1658056512934 50.0528575 19.8519054
1658056513629 50.0528504 19.8518948
1658056513990 50.0528419 19.8518846
1658056515000 50.0528345 19.8518743
1658056515111 50.0528256 19.8518636
1658056516000 50.0528085 19.8518417
1658056517000 50.0528018 19.8518314
1658056517831 50.0527845 19.8518087
1658056519000 50.0527765 19.851798
1658056519340 50.0527653 19.8517816
1658056519975 50.0527569 19.8517688
1658056521000 50.0527497 19.851757
1658056522000 50.0527389 19.8517351
1658056523000 50.0527261 19.85171
1658056524328 50.0527103 19.8516832
1658056525345 50.0526994 19.851663
1658056526391 50.0526884 19.8516417
1658056527471 50.052675 19.8516135
1658056529000 50.0526689 19.8515921
1658056530000 50.0526648 19.8515749
1658056531000 50.0526581 19.8515566
1658056531292 50.0526518 19.8515415
1658056533000 50.0526352 19.8515219
1658056534000 50.0526189 19.8515102
1658056535000 50.0526043 19.8514988
1658056536000 50.0525921 19.8514889
1658056538000 50.0525775 19.8514819
1658056540000 50.0525699 19.8514709
1658056542000 50.0525654 19.8514556
1658056543000 50.0525606 19.8514432
1658056545000 50.0525544 19.8514243
1658056546000 50.0525485 19.8514102
1658056548000 50.0525435 19.8513976
1658056556432 50.0525413 19.8513801
1658056557955 50.0525442 19.8513596
1658056559349 50.0525495 19.8513376
1658056560429 50.0525542 19.8513175
1658056562000 50.0525571 19.851292
1658056563000 50.0525577 19.8512775
1658056565000 50.0525587 19.8512546
1658056568000 50.0525627 19.8512407
1658056584000 50.05257 19.8512496
1658056599000 50.0525878 19.8512196
1658056600000 50.0525993 19.8512027
1658056601000 50.0526111 19.8511916
1658056602000 50.0526238 19.8511819
1658056603000 50.0526353 19.8511691
1658056604000 50.0526425 19.8511516
1658056605000 50.0526466 19.8511373
1658056606000 50.0526513 19.8511223
1658056607000 50.0526537 19.8511021
1658056608000 50.0526516 19.8510866
1658056610000 50.0526429 19.8510639
1658056612000 50.052647 19.8510513
1658056622000 50.0526396 19.851043
1658056627461 50.0526279 19.8510236
1658056630000 50.0526132 19.8510101
1658056631000 50.0525914 19.8509957
1658056632000 50.0525749 19.850984
1658056633000 50.0525628 19.8509756
1658056634000 50.0525516 19.850967
1658056636000 50.0525408 19.8509518
1658056637470 50.052536 19.8509356
1658056642000 50.0525307 19.8509226
1658056645000 50.052533 19.850906
1658056646673 50.0525334 19.85089
1658056649000 50.0525414 19.8508735
1658056651000 50.0525513 19.8508689
1658056671000 50.0525538 19.8508843
1658056674000 50.0525388 19.8508831
1658056675000 50.0525271 19.8508802
1658056676000 50.0525045 19.8508783
1658056676909 50.0525141 19.8508786
1658056679032 50.0525014 19.8508702
1658056680068 50.0524891 19.8508589
1658056681130 50.0524756 19.8508433
1658056682231 50.0524651 19.8508253
1658056683314 50.052456 19.8508076
1658056683988 50.0524503 19.8507925
1658056685529 50.0524458 19.8507685
1658056686611 50.0524404 19.8507515
1658056688000 50.0524379 19.8507353
1658056690000 50.0524401 19.850712
1658056692000 50.052441 19.8506889
1658056695000 50.0524416 19.8506737
1658056699000 50.0524383 19.8506593
1658056707000 50.0524322 19.8506485
1658056710431 50.0524217 19.8506488
1658056715000 50.0524118 19.850648
1658056717000 50.0524041 19.8506397
1658056719000 50.0523932 19.8506299
1658056724000 50.0523835 19.8506283
1658056731000 50.0523645 19.8506169
1658056736000 50.0523861 19.8506352
1658056737000 50.0523964 19.850651
1658056739000 50.0523874 19.8506521
1658056741000 50.0523732 19.850641
1658056743000 50.0523717 19.8506192
1658056745000 50.0523782 19.8506024
1658056794000 50.0523697 19.8505978
1658056811000 50.052361 19.8505934
1658056815190 50.0523519 19.8505826
1658056816352 50.0523445 19.8505704
1658056818000 50.052335 19.8505512
1658056819591 50.0523397 19.8505328
1658056821000 50.0523464 19.8505211
1658056821992 50.0523522 19.8505032
1658056823336 50.0523593 19.8504853
1658056824430 50.0523637 19.8504694
1658056825549 50.0523651 19.8504507
1658056827000 50.0523642 19.8504283
1658056827751 50.0523649 19.8504088
1658056828750 50.0523681 19.8503925
1658056830152 50.0523732 19.8503782
1658056833000 50.0523776 19.850358
1658056834171 50.0523772 19.8503372
1658056835351 50.052381 19.8503187
1658056836512 50.0523865 19.8503025
1658056837612 50.0523895 19.8502873
1658056839000 50.0523865 19.8502715
1658056840000 50.0523814 19.8502565
1658056840811 50.0523795 19.8502418
1658056842050 50.0523842 19.8502296
1658056843334 50.0523925 19.8502208
1658056845000 50.052406 19.8502197
1658056847000 50.0524175 19.8502153
1658056847893 50.0524288 19.8502211
1658056850000 50.0524421 19.8502276
1658056851191 50.0524529 19.8502402
1658056853000 50.0524634 19.8502514
1658056855000 50.0524753 19.8502649
1658056857000 50.0524834 19.8502777
1658056859000 50.0524871 19.8502929
1658056865000 50.052483 19.8503058
1658056869353 50.052474 19.8503142
1658056877000 50.0524944 19.850302
1658056878000 50.0525028 19.8502947
1658056881000 50.0525109 19.8502875
1658056885000 50.0525059 19.8502689
1658056886000 50.0525002 19.8502514
1658056886930 50.052489 19.8502299
1658056888529 50.052479 19.8502143
1658056889611 50.0524658 19.8502016
1658056891000 50.0524552 19.8501853
1658056892000 50.0524487 19.8501617
1658056892351 50.0524468 19.8501477
1658056893072 50.052444 19.8501342
1658056894000 50.0524415 19.85012
1658056895111 50.0524388 19.8501047
1658056896632 50.0524374 19.850087
1658056899000 50.0524409 19.8500658
1658056900513 50.0524466 19.8500495
1658056904000 50.0524577 19.8500472
1658056906000 50.0524633 19.8500589
1658056909000 50.0524689 19.8500723
1658056913055 50.0524684 19.8500898
1658056915000 50.0524626 19.8501056
1658056916000 50.0524557 19.8501206
1658056916791 50.0524455 19.8501327
1658056917991 50.0524328 19.8501405
1658056919073 50.0524188 19.8501471
1658056920132 50.0524035 19.8501496
1658056921109 50.0523871 19.8501472
1658056923000 50.0523704 19.8501496
1658056924000 50.0523608 19.8501628
1658056925000 50.0523541 19.8501853
1658056926000 50.0523502 19.8502079
1658056927000 50.0523472 19.8502354
1658056927435 50.0523436 19.85025
1658056928614 50.052337 19.8502687
1658056929494 50.0523315 19.8502896
1658056930692 50.0523253 19.8503115
1658056931709 50.0523208 19.850331
1658056933551 50.0523044 19.850347
1658056934000 50.0522987 19.8503351
1658056937000 50.052291 19.8503445
1658056938551 50.0522853 19.850362
1658056940000 50.052283 19.8503848
1658056941000 50.0522842 19.8504138
1658056941235 50.052284 19.8504299
1658056942353 50.0522823 19.8504532
1658056942931 50.0522825 19.8504678
1658056944110 50.0522848 19.8504959
1658056946000 50.0522903 19.8505316
1658056947000 50.0522969 19.850555
1658056947532 50.0523041 19.8505701
1658056949000 50.0523137 19.8505834
1658056950000 50.0523269 19.8505933
1658056950510 50.0523352 19.8506054
1658056952000 50.0523434 19.8506228
1658056953000 50.0523492 19.85064
1658056954197 50.052357 19.8506613
1658056955355 50.0523654 19.8506715
1658056956453 50.0523758 19.8506764
1658056957614 50.0523865 19.8506831
1658056959000 50.0523955 19.8506904
1658056961000 50.0524077 19.8507045
1658056961874 50.0524151 19.8507147
1658056964000 50.0524221 19.850727
1658056965329 50.0524256 19.8507418
1658056967132 50.0524245 19.8507617
1658056968411 50.0524243 19.8507763
1658056970233 50.0524316 19.8507875
1658056971635 50.0524386 19.8507992
1658056972893 50.0524466 19.8508153
1658056973970 50.052455 19.8508336
1658056974932 50.0524634 19.8508566
1658056976000 50.0524674 19.8508696
1658056976074 50.0524713 19.8508834
1658056977000 50.0524744 19.8508968
1658056977153 50.0524798 19.8509116
1658056978171 50.0524909 19.8509315
1658056979324 50.0525033 19.850945
1658056980069 50.052512 19.8509494
1658056981151 50.0525238 19.8509547
1658056983000 50.0525401 19.8509639
1658056984000 50.0525516 19.8509678
1658056985000 50.05256 19.8509733
1658056986069 50.052569 19.8509824
1658056987343 50.0525762 19.8509955
1658056989000 50.0525819 19.8510088
1658056989354 50.0525899 19.8510197
1658056991000 50.0525975 19.8510279
1658056992492 50.0526078 19.8510402
1658056993633 50.0526141 19.8510504
1658056995000 50.0526213 19.8510593
1658056996000 50.0526275 19.8510719
1658056996629 50.0526328 19.8510861
1658056998373 50.0526429 19.8511165
1658056999388 50.052651 19.8511262
1658057002000 50.0526632 19.8511441
1658057003000 50.0526694 19.8511548
1658057005000 50.0526815 19.8511747
1658057006000 50.0526908 19.8511886
1658057007000 50.0526977 19.8511989
1658057008000 50.0527039 19.8512124
1658057009000 50.0527113 19.8512231
1658057011000 50.0527264 19.8512217
1658057013000 50.052737 19.8511891
1658057014431 50.0527408 19.8511647
1658057016000 50.0527405 19.8511417
1658057017000 50.052739 19.8511269
1658057019000 50.0527349 19.8511058
1658057021000 50.0527281 19.8510954
1658057023000 50.0527178 19.8510978
1658057026000 50.0527078 19.851098
1658057029457 50.0527019 19.8511124
1658057033000 50.0527035 19.8511293
1658057037000 50.0527021 19.8511469
1658057081000 50.0527247 19.8511806
1658057082000 50.0527354 19.851182
1658057083000 50.0527332 19.8511676
1658057084000 50.0527248 19.8511418
1658057084971 50.0527192 19.8511233
1658057086009 50.0527141 19.8511016
1658057089000 50.0527177 19.8510607
1658057092000 50.0527283 19.8510476
1658057094648 50.0527204 19.8510397
1658057098000 50.0527078 19.8510281
1658057100000 50.0526943 19.851017
1658057101000 50.0526853 19.8510125
1658057103000 50.0526737 19.8510026
1658057105000 50.0526598 19.8509895
1658057106000 50.0526415 19.850973
1658057107000 50.052637 19.8509603
1658057109000 50.0526225 19.8509395
1658057111000 50.0526144 19.8509327
1658057117000 50.0526282 19.850951
1658057118000 50.0526398 19.8509709
1658057119000 50.0526529 19.8509935
1658057120000 50.0526636 19.8510119
1658057121000 50.0526722 19.8510259
1658057123000 50.0526854 19.8510366
1658057125000 50.0526987 19.851039
1658057127000 50.0527156 19.8510426
1658057130000 50.0527223 19.8510239
1658057138000 50.0527328 19.8510258
1658057141000 50.0527431 19.8510247
1658057143000 50.0527542 19.851035
1658057144000 50.0527613 19.8510462
1658057146000 50.0527677 19.8510647
1658057148000 50.0527585 19.8510635
1658057149000 50.0527461 19.8510482
1658057150000 50.0527327 19.8510329
1658057151000 50.0527177 19.851027
1658057152000 50.0527055 19.8510282
1658057154000 50.0526936 19.8510325
1658057155813 50.0526819 19.8510403
1658057156632 50.0526752 19.851054
1658057158000 50.052668 19.8510849
1658057158657 50.0526645 19.8511087
1658057159794 50.0526597 19.8511377
1658057160815 50.0526563 19.8511615
1658057162000 50.0526558 19.8511833
1658057162614 50.0526598 19.8512005
1658057163694 50.0526699 19.8512246
1658057164237 50.0526782 19.8512373
1658057165000 50.0526831 19.8512503
1658057165437 50.0526893 19.8512608
1658057166617 50.0526987 19.8512821
1658057167817 50.0527052 19.8512989
1658057168637 50.0527095 19.8513134
1658057169757 50.0527139 19.8513299
1658057170853 50.0527191 19.8513433
1658057172000 50.0527272 19.8513518
1658057173536 50.052737 19.8513617
1658057174919 50.0527445 19.8513703
1658057176558 50.0527555 19.8513775
1658057178000 50.0527646 19.8513843
1658057179836 50.0527759 19.8513844
1658057182000 50.0527862 19.8513774
1658057183836 50.0527914 19.8513621
1658057187000 50.0527954 19.8513481
1658057192000 50.0527966 19.8513635
1658057207000 50.0527776 19.8513071
1658057208000 50.0527688 19.8512945
1658057211557 50.052759 19.8512847
1658057216566 50.0527753 19.8513136
1658057217000 50.0527763 19.8512368
1658057222000 50.0527888 19.8512447
1658057229000 50.0527754 19.8512714
1658057230000 50.0527554 19.8512996
1658057231000 50.052741 19.8513194
1658057232000 50.0527281 19.8513436
1658057235077 50.0527198 19.8513617
1658057238737 50.0527478 19.8514244
1658057239000 50.0527551 19.8514396
1658057240000 50.0527694 19.8514535
1658057241000 50.0527832 19.8514619
1658057242000 50.0527986 19.8514725
1658057242394 50.0528075 19.8514784
1658057243000 50.0528197 19.8514874
1658057244000 50.0528335 19.851492
1658057245000 50.0528487 19.8514937
1658057246000 50.0528615 19.8514933
1658057249000 50.052877 19.8514846
1658057251749 50.0528741 19.8514711
1658057258000 50.0528833 19.8514746
1658057259000 50.0528982 19.8514824
1658057261000 50.0529272 19.8514927
1658057263000 50.0529333 19.8515031
1658057273000 50.0529236 19.8515109
1658057275000 50.0529244 19.8515271
1658057276533 50.0529228 19.8515498
1658057278000 50.0529257 19.8515756
1658057279355 50.052929 19.8515958
1658057281000 50.0529269 19.8516185
1658057282000 50.0529206 19.851632
1658057283000 50.0529125 19.8516428
1658057286000 50.0529019 19.8516681
1658057290000 50.052907 19.8516837
1658057291844 50.0529175 19.8516854
1658057296000 50.0529282 19.8516884
1658057324000 50.0529105 19.8516741
1658057325000 50.0528991 19.8516712
1658057326000 50.0528901 19.851668
1658057328000 50.052878 19.8516629
1658057331000 50.0528683 19.8516567
1658057344000 50.052877 19.8516628
1658057344755 50.0528864 19.8516646
1658057346000 50.0529075 19.851666
1658057346678 50.052917 19.8516647
1658057346990 50.0529283 19.8516602
1658057349000 50.0529474 19.8516563
1658057349779 50.0529621 19.8516588
1658057350914 50.0529766 19.8516614
1658057352000 50.0529874 19.8516637
1658057353000 50.0530012 19.8516669
1658057354453 50.0530116 19.8516761
1658057355635 50.0530219 19.8516836
1658057356893 50.0530321 19.8516948
1658057358000 50.0530398 19.8517037
1658057359757 50.0530532 19.8517143
1658057361000 50.0530616 19.8517275
1658057362433 50.0530626 19.8517427
1658057364000 50.0530518 19.8517529
1658057366000 50.0530373 19.8517632
1658057385816 50.0530478 19.8517715
1658057387657 50.0530626 19.8517826
1658057388314 50.0530714 19.8517891
1658057389493 50.0530857 19.851798
1658057390694 50.0531005 19.8518061
1658057391874 50.0531158 19.8518171
1658057393000 50.0531289 19.8518272
1658057394000 50.0531417 19.8518375
1658057395000 50.0531547 19.8518482
1658057396000 50.0531664 19.8518625
1658057397000 50.0531771 19.851873
1658057398000 50.0531844 19.8518872
1658057399000 50.0531931 19.8519001
1658057400000 50.0532054 19.851913
1658057402000 50.0532195 19.8519244
1658057404000 50.0532275 19.8519124
1658057409000 50.0532338 19.8519001
1658057439000 50.0532341 19.8519143
1658057441000 50.0532333 19.8519435
1658057443717 50.0532361 19.8519701
1658057446000 50.0532381 19.8519878
1658057454000 50.0532346 19.8520015
1658057456479 50.0532337 19.8520168
1658057460000 50.0532345 19.8520332
1658057466000 50.0532384 19.8520464
1658057499000 50.0532456 19.8520733
1658057500000 50.0532532 19.8520857
1658057501000 50.0532615 19.852093
1658057502000 50.0532741 19.8520998
1658057503000 50.0532907 19.8521028
1658057504000 50.0533114 19.8521038
1658057505000 50.0533251 19.8521065
1658057506000 50.0533363 19.8521156
1658057507000 50.0533468 19.8521251
1658057508000 50.0533569 19.8521323
1658057509000 50.0533663 19.8521414
1658057515836 50.0533803 19.8521496
1658057518000 50.0533888 19.8521606
1658057519233 50.0534004 19.8521627
1658057520938 50.0534138 19.8521612
1658057522000 50.0534259 19.8521667
1658057523000 50.0534393 19.8521699
1658057523894 50.0534515 19.8521714
1658057525000 50.0534611 19.8521741
1658057525659 50.0534702 19.8521734
1658057526837 50.0534824 19.8521725
1658057528000 50.0534935 19.8521728
1658057528635 50.0535025 19.8521733
1658057531000 50.0535105 19.8521657
1658057532680 50.0535038 19.852145
1658057533315 50.0534974 19.8521333
1658057534496 50.0534914 19.8521187
1658057536000 50.0534876 19.8521014
1658057537481 50.0534866 19.8520864
1658057541000 50.0534825 19.8520699
1658057545000 50.0534799 19.8520868
1658057550536 50.0534762 19.8520999
1658057553000 50.0534668 19.8520973
1658057555000 50.0534532 19.8520944
1658057556000 50.053443 19.8520943
1658057557995 50.0534335 19.8520948
1658057559000 50.0534253 19.8521009
1658057561000 50.0534134 19.8521092
1658057563000 50.0534029 19.8521144
1658057565000 50.0533938 19.8521142
1658057571000 50.0533851 19.8521101
1658057576000 50.0533677 19.8520963
1658057579000 50.0533815 19.8520859
1658057580000 50.0533922 19.8520885
1658057581000 50.0534 19.8520999
1658057583000 50.0534048 19.8521123
1658057588000 50.0534067 19.8520932
1658057590000 50.0533966 19.8520964
1658057609517 50.0533796 19.8520746
1658057610000 50.0533582 19.8520489
1658057610477 50.053332 19.8520233
1658057611435 50.053315 19.8520039
1658057613000 50.0533072 19.8519884
1658057614000 50.0533004 19.8519775
1658057615601 50.0532966 19.851962
1658057618651 50.0533066 19.8519568
1658057623000 50.0533188 19.8519506
1658057625000 50.0533284 19.8519462
1658057627000 50.0533389 19.851946
1658057628682 50.0533545 19.8519475
1658057630000 50.0533687 19.851947
1658057632000 50.053385 19.851941
1658057633000 50.0534317 19.8519287
1658057633690 50.0534461 19.8519252
1658057635000 50.0534569 19.8519262
1658057639000 50.0534497 19.8519144
1658057643000 50.0534439 19.8519273
1658057662000 50.0534525 19.8519129
1658057663000 50.0534567 19.8519003
1658057666000 50.0534661 19.8518887
1658057668000 50.0534539 19.8518707
1658057670000 50.0534362 19.8518793
1658057671000 50.0534376 19.8518951
1658057672000 50.0534475 19.8519092
1658057673000 50.0534384 19.851917
1658057674000 50.0534363 19.8519383
1658057675000 50.0534383 19.8519593
1658057676000 50.0534445 19.851976
1658057677000 50.0534518 19.8519891
1658057679000 50.0534415 19.8520127
1658057682000 50.0534473 19.8519952
1658057686000 50.0534399 19.8520064
1658057688000 50.05343 19.852
1658057692000 50.0534231 19.8519859
1658057693882 50.0534258 19.8519723
1658057697000 50.0534316 19.8519614
1658057699000 50.0534425 19.8519444
1658057701000 50.0534518 19.8519265
1658057703000 50.0534584 19.8519006
1658057714000 50.0534599 19.8518859
1658057716000 50.0534518 19.851876
1658057718000 50.0534409 19.8518696
1658057720000 50.0534208 19.8518722
1658057722000 50.0534085 19.8518753
1658057750000 50.0534198 19.851874
1658057769000 50.0534076 19.8518642
1658057770000 50.0533988 19.851858
1658057772000 50.0533875 19.851853
1658057776000 50.0533782 19.8518482
1658057786000 50.0533806 19.8518319
1658057807000 50.0533525 19.8517773
1658057807320 50.0533624 19.8517926
1658057817000 50.0533684 19.8518041
1658057833000 50.0533759 19.8518574
1658057834000 50.0533718 19.8518737
1658057836000 50.0533604 19.8518788
1658057843000 50.0533454 19.8518763
1658057844000 50.0533344 19.8518697
1658057845000 50.0533245 19.851863
1658057847000 50.0533156 19.8518371
1658057849000 50.0533259 19.8518206
1658057851000 50.053338 19.8518156
1658057879000 50.0533911 19.8518778
1658057880000 50.0534109 19.851899
1658057881000 50.0534292 19.8519112
1658057882000 50.0534433 19.851921
1658057885000 50.0534388 19.8519059
1658057887000 50.0534286 19.8519018
1658057888000 50.0534227 19.8518911
1658057889000 50.0534152 19.8518821
1658057895000 50.0533914 19.8518457
1658057896000 50.053382 19.8518279
1658057898000 50.0533938 19.8518227
1658057900000 50.0534053 19.8518124
1658057903000 50.053411 19.8517993
1658057906000 50.0534196 19.8517921
1658057909000 50.0534256 19.8518048
1658057911000 50.0534164 19.851815
1658057930000 50.053403 19.8518224
1658057932000 50.0533894 19.8518262
1658057934000 50.0533744 19.8518277
1658057935023 50.0533598 19.85183
1658057937000 50.053349 19.8518312
1658057945000 50.0533347 19.8518284
1658057947000 50.053324 19.8518218
1658057961000 50.0533451 19.8518144
1658057964000 50.0533418 19.8517949
1658057965085 50.0533361 19.851781
1658057967000 50.0533297 19.8517633
1658057969000 50.05333 19.8517467
1658057986000 50.0533395 19.8517754
1658057987000 50.0533455 19.8517947
1658057991000 50.0533485 19.8518144
1658057994000 50.0533592 19.8518149
1658057997000 50.0533565 19.8518008
1658058000000 50.0533657 19.8517932
1658058008000 50.0533753 19.8517983
1658058010000 50.0533873 19.8517931
1658058013000 50.0533965 19.8517891
1658058014000 50.0534198 19.8517933
1658058015000 50.0534407 19.8517972
1658058016000 50.0534504 19.8517969
1658058018000 50.0534625 19.8518
1658058020000 50.0534796 19.8517827
1658058021000 50.053491 19.8517763
1658058022000 50.0535002 19.8517754
1658058023000 50.0535124 19.8517706
1658058025000 50.053509 19.8517562
1658058026000 50.0534989 19.8517463
1658058028000 50.0534957 19.8517278
1658058029000 50.0535059 19.8517282
1658058030000 50.0535162 19.8517374
1658058032000 50.0535035 19.8517501
1658058033000 50.053485 19.8517432
1658058034000 50.0534653 19.8517399
1658058035000 50.0534308 19.8517241
1658058036000 50.0533968 19.8517077
1658058037000 50.0533703 19.8516957
1658058038000 50.0533563 19.8516918
1658058041000 50.0533458 19.8516975
1658058044000 50.0533512 19.8517198
1658058046000 50.0533501 19.8517358
1658058048000 50.0533472 19.8517549
1658058050000 50.0533508 19.8517319
1658058052000 50.0533448 19.8517152
1658058054000 50.0533443 19.8516884
1658058055000 50.0533535 19.8516872
1658058056000 50.0533684 19.8516925
1658058059000 50.0533641 19.8517144
1658058060000 50.0533759 19.8517194
1658058061000 50.0533852 19.8517254
1658058062000 50.0534013 19.8517342
1658058063000 50.0534156 19.8517336
1658058064000 50.0534279 19.8517119
1658058065000 50.0534335 19.8516913
1658058066000 50.0534311 19.8516756
1658058067000 50.053439 19.8516604
1658058069000 50.0534507 19.851639
1658058070000 50.0534567 19.8516238
1658058072000 50.0534575 19.8516
1658058073000 50.0534454 19.8515852
1658058074000 50.0534307 19.8515828
1658058075000 50.0534168 19.8515775
1658058076000 50.0534058 19.8515743
1658058078000 50.0533748 19.8515727
1658058080000 50.0533569 19.8516397
1658058081000 50.0533445 19.851692
1658058082000 50.0533362 19.8517428
1658058083000 50.0533254 19.8517753
1658058084000 50.0533183 19.8517968
1658058085000 50.0533229 19.8518176
1658058088000 50.0533333 19.8518156
1658058091618 50.0533396 19.851826
1658058092940 50.0533522 19.8518327
1658058094000 50.0533638 19.8518344
1658058094516 50.0533733 19.8518388
1658058095415 50.0533817 19.8518478
1658058098897 50.0533713 19.8518455
1658058101000 50.0533595 19.8518363
1658058104000 50.0533561 19.8518218
1658058109000 50.0533486 19.8518134
1658058112853 50.0533464 19.8517988
1658058114637 50.0533459 19.8517841
1658058116620 50.0533448 19.8517636
1658058117915 50.0533424 19.8517487
1658058119000 50.0533375 19.8517347
1658058120000 50.0533307 19.8517226
1658058120937 50.0533271 19.8517071
1658058122734 50.0533294 19.8516856
1658058124536 50.0533354 19.8516656
1658058125177 50.0533422 19.8516551
1658058126381 50.0533511 19.8516372
1658058127642 50.0533582 19.8516174
1658058129000 50.0533667 19.8516031
1658058130000 50.0533751 19.8515919
1658058130798 50.0533843 19.8515819
1658058132000 50.0533936 19.8515709
1658058133000 50.0534011 19.8515555
1658058134000 50.0534061 19.8515405
1658058135196 50.0534087 19.8515201
1658058137000 50.0534168 19.8515084
1658058139000 50.0534266 19.8515054
1658058162000 50.0534386 19.8515069
1658058163000 50.0534473 19.8515138
1658058164000 50.0534565 19.8515255
1658058165000 50.053465 19.8515389
1658058166000 50.0534726 19.8515521
1658058168000 50.053486 19.8515652
1658058179000 50.0534927 19.8515885
1658058180137 50.0534936 19.8516034
1658058181433 50.0534938 19.851618
1658058183000 50.0534926 19.851636
1658058185000 50.0534917 19.8516569
1658058187458 50.0534893 19.851673
1658058194051 50.0534872 19.8516871
1658058234996 50.0534944 19.8516986
1658058236539 50.0535044 19.8517057
1658058238000 50.0535139 19.8517173
1658058240000 50.0535233 19.8517379
1658058241000 50.0535296 19.8517504
1658058244000 50.0535365 19.8517639
1658058248000 50.0535408 19.8517804
1658058252000 50.0535364 19.8517947
1658058259436 50.0535292 19.8518043
1658058264555 50.0535355 19.851818
1658058268000 50.0535428 19.8518329
1658058272000 50.0535432 19.8518499
1658058328000 50.0535565 19.8518569
1658058329000 50.0535657 19.8518582
1658058331000 50.0535723 19.8518766
1658058334000 50.0535672 19.851889
1658058338000 50.0535569 19.8518912
1658058343000 50.0535454 19.8519008
1658058347000 50.0535376 19.8519094
1658058356000 50.053543 19.8519234
1658058358000 50.0535623 19.8519329
1658058359556 50.0535741 19.851937
1658058361000 50.0535841 19.8519396
1658058363539 50.053595 19.8519419
1658058365415 50.053608 19.8519457
1658058367000 50.0536218 19.8519545
1658058368000 50.0536377 19.8519581
1658058368758 50.0536582 19.8519603
1658058369858 50.0536845 19.8519615
1658058370935 50.0537063 19.8519604
1658058372000 50.0537208 19.8519575
1658058373000 50.0537338 19.8519533
1658058374000 50.0537448 19.85195
1658058375000 50.0537553 19.851948
1658058376000 50.0537654 19.8519489
1658058377617 50.0537797 19.8519513
1658058379738 50.0537982 19.8519482
1658058381000 50.0538122 19.8519414
1658058382000 50.0538203 19.8519327
1658058384000 50.0538283 19.8519175
1658058386000 50.0538331 19.8518997
1658058387277 50.053831 19.8518815
1658058388358 50.0538302 19.8518675
1658058389616 50.0538259 19.8518513
1658058390876 50.0538216 19.8518387
1658058392154 50.0538165 19.8518201
1658058394000 50.0538144 19.8517987
1658058396000 50.0538124 19.8517788
1658058398074 50.0538093 19.851763
1658058400000 50.0538044 19.8517479
1658058402000 50.0537979 19.8517376
1658058406000 50.0537915 19.851726
1658058443615 50.0537847 19.8517134
1658058444775 50.0537771 19.8516951
1658058446000 50.0537674 19.8516728
1658058446434 50.0537613 19.8516584
1658058447674 50.0537549 19.8516377
1658058448814 50.0537501 19.8516196
1658058450053 50.0537458 19.8516013
1658058451317 50.0537427 19.8515819
1658058452000 50.0537376 19.8515602
1658058453583 50.0537317 19.8515481
1658058455174 50.0537211 19.8515342
1658058456395 50.0537163 19.8515207
1658058457697 50.0537075 19.8515085
1658058459000 50.0536973 19.8514938
1658058460215 50.0536916 19.8514774
1658058461356 50.053689 19.8514626
1658058463000 50.0536855 19.8514413
1658058464000 50.0536816 19.8514281
1658058465000 50.0536749 19.8514179
1658058466595 50.0536663 19.8514033
1658058469000 50.0536601 19.8513866
1658058477000 50.053669 19.8513929
1658058479000 50.0536822 19.8514039
1658058482000 50.0536932 19.8514107
1658058486000 50.053703 19.8514153
1658058502273 50.0536978 19.8513976
1658058503454 50.0536875 19.8513785
1658058504719 50.053677 19.8513594
1658058506000 50.0536696 19.8513469
1658058507276 50.05366 19.8513254
1658058508534 50.0536528 19.8513094
1658058509775 50.0536459 19.851296
1658058510974 50.0536381 19.8512821
1658058513000 50.0536294 19.8512676
1658058514654 50.0536245 19.8512511
1658058515873 50.0536207 19.8512348
1658058517097 50.0536176 19.8512201
1658058518358 50.0536136 19.8512052
1658058519537 50.0536096 19.8511886
1658058520277 50.0536055 19.8511747
1658058521580 50.0535986 19.8511548
1658058522856 50.0535932 19.8511368
1658058524000 50.0535884 19.8511217
1658058525275 50.0535823 19.8511013
1658058526737 50.0535778 19.8510825
1658058528653 50.0535717 19.8510685
1658058531000 50.0535663 19.8510531
1658058532215 50.0535644 19.8510371
1658058533855 50.0535608 19.8510195
1658058536857 50.053557 19.8510038
1658058538857 50.0535497 19.8509876
1658058540000 50.0535416 19.8509763
1658058541000 50.0535329 19.8509642
1658058541875 50.0535237 19.8509501
1658058543000 50.0535151 19.8509372
1658058544000 50.0535092 19.8509257
1658058545000 50.0535042 19.8509089
1658058546000 50.0535002 19.8508925
1658058547000 50.0534972 19.8508784
1658058548000 50.0534952 19.8508641
1658058550000 50.0534891 19.8508482
1658058552000 50.0534812 19.8508583
1658058553256 50.0534776 19.8508717
1658058555514 50.0534664 19.850873
1658058557276 50.0534561 19.8508851
1658058559475 50.0534424 19.8508897
1658058561000 50.0534322 19.8508924
1658058562000 50.0534232 19.8508943
1658058563676 50.0534104 19.8508907
1658058565174 50.0534 19.850886
1658058566817 50.0533881 19.8508826
1658058568917 50.0533752 19.8508767
1658058571000 50.053366 19.8508658
1658058572276 50.0533614 19.8508527
1658058574000 50.0533566 19.8508399
1658058578000 50.0533468 19.8508327
1658058584000 50.0533402 19.850822
1658058598000 50.0533495 19.8508334
1658058604834 50.0533485 19.850818
1658058609000 50.0533372 19.8507909
1658058611000 50.0533285 19.8507717
1658058612000 50.053323 19.8507601
1658058616000 50.0533169 19.8507459
1658058638000 50.0533034 19.8507139
1658058639000 50.0532932 19.8506806
1658058642000 50.0532853 19.8506627
1658058643000 50.0532798 19.8506512
1658058644216 50.0532754 19.8506369
1658058647000 50.0532686 19.8506243
1658058650000 50.0532779 19.8506259
1658058652863 50.0532877 19.8506214
1658058656000 50.0532925 19.850605
1658058719000 50.0533004 19.8505807
1658058720000 50.0533119 19.850557
1658058721000 50.0533179 19.8505346
1658058722000 50.0533228 19.8505201
1658058724000 50.053333 19.850507
1658058725935 50.0533415 19.8504933
1658058727777 50.0533521 19.850474
1658058729000 50.0533601 19.8504635
1658058730000 50.0533717 19.8504509
1658058731455 50.0533829 19.8504384
1658058732635 50.0533946 19.8504214
1658058734000 50.0534046 19.8504016
1658058734916 50.0534106 19.8503807
1658058736000 50.0534141 19.850359
1658058737217 50.0534175 19.8503394
1658058738715 50.0534177 19.850314
1658058739874 50.0534134 19.8502951
1658058741000 50.053408 19.8502795
1658058742000 50.0534028 19.8502671
1658058743092 50.0533947 19.8502544
1658058744620 50.0533889 19.8502422
1658058746676 50.0533819 19.850224
1658058747854 50.0533786 19.8502102
1658058749475 50.0533778 19.8501948
1658058751534 50.0533746 19.8501779
1658058753015 50.0533697 19.8501655
1658058755679 50.053357 19.8501454
1658058757000 50.0533516 19.8501335
1658058758557 50.0533462 19.8501205
1658058760000 50.0533359 19.8501045
1658058760918 50.0533294 19.8500924
1658058762235 50.0533194 19.8500756
1658058763499 50.0533125 19.8500636
1658058765000 50.0533051 19.8500532
1658058766537 50.0532949 19.8500531
1658058770000 50.0532853 19.8500609
1658058773940 50.0532778 19.8500527
1658058778300 50.0532749 19.8500281
1658058779479 50.0532715 19.8500079
1658058780699 50.0532668 19.8499864
1658058781478 50.0532637 19.8499715
1658058783000 50.0532574 19.8499431
1658058784000 50.0532526 19.8499241
1658058784436 50.0532491 19.8499102
1658058785614 50.0532429 19.8498872
1658058786795 50.0532339 19.849869
1658058787655 50.0532263 19.8498573
1658058788895 50.0532166 19.8498425
1658058790000 50.0532072 19.8498288
1658058791000 50.053199 19.8498177
1658058792000 50.0531914 19.849804
1658058793000 50.0531871 19.8497913
1658058794258 50.0531835 19.8497782
1658058796000 50.0531796 19.8497628
1658058798000 50.0531832 19.8497416
1658058799516 50.0531847 19.8497276
1658058801557 50.0531823 19.8497141
1658058803956 50.0531722 19.84969
1658058805000 50.053165 19.8496813
1658058806395 50.0531545 19.8496734
1658058807634 50.0531454 19.8496631
1658058808834 50.0531363 19.849655
1658058809856 50.0531281 19.8496467
1658058811635 50.0531185 19.8496327
1658058813630 50.0531066 19.8496172
1658058814776 50.0530996 19.849606
1658058816458 50.053097 19.8495834
1658058817815 50.053098 19.8495643
1658058818614 50.0530976 19.8495488
1658058819677 50.0530946 19.8495309
1658058821000 50.0530893 19.8495123
1658058822000 50.0530856 19.8494957
1658058822820 50.0530819 19.8494808
1658058824000 50.0530754 19.8494641
1658058825496 50.053066 19.8494587
1658058826857 50.0530591 19.8494696
1658058829000 50.0530505 19.8494908
1658058831000 50.0530387 19.8494996
1658058832536 50.05303 19.8495095
1658058835000 50.0530211 19.8495067
1658058837000 50.0530214 19.8494924
1658058839000 50.053025 19.8494782
1658058841000 50.0530292 19.8494648
1658058843497 50.0530302 19.8494496
1658058845917 50.0530254 19.8494346
1658058848000 50.0530206 19.8494208
1658058849215 50.0530156 19.8494087
1658058850474 50.0530109 19.8493956
1658058851776 50.0530051 19.8493788
1658058852919 50.0529999 19.8493655
1658058854000 50.0529949 19.8493535
1658058855817 50.0529863 19.8493384
1658058856938 50.0529804 19.8493277
1658058859000 50.0529686 19.8493034
1658058860000 50.0529634 19.8492899
1658058861000 50.0529588 19.8492764
1658058862656 50.0529508 19.8492545
1658058864000 50.0529433 19.8492361
1658058865000 50.0529356 19.8492232
1658058865434 50.0529282 19.8492149
1658058866655 50.0529184 19.8492089
1658058867873 50.0529051 19.8492021
1658058868535 50.0528943 19.849199
1658058869216 50.0528838 19.8491974
1658058870622 50.0528668 19.8491975
1658058871833 50.0528506 19.8492014
1658058872681 50.0528412 19.8492041
1658058873775 50.0528296 19.8492098
1658058875038 50.0528182 19.8492171
1658058876515 50.0528103 19.8492267
1658058877799 50.0528033 19.8492392
1658058878874 50.0527964 19.8492486
1658058880698 50.0527864 19.8492594
1658058882696 50.0527736 19.8492729
1658058884000 50.0527631 19.8492804
1658058885000 50.052754 19.8492871
1658058886000 50.0527446 19.8492934
1658058887000 50.0527361 19.8493033
1658058888217 50.0527259 19.8493161
1658058889476 50.0527175 19.8493293
1658058890773 50.0527071 19.8493432
1658058892000 50.0527014 19.8493576
1658058893000 50.0526954 19.8493689
1658058894620 50.0526805 19.8493848
1658058894997 50.0526711 19.8493935
1658058896538 50.0526591 19.8494075
1658058897775 50.0526476 19.8494242
1658058899000 50.0526384 19.8494422
1658058900000 50.0526311 19.8494588
1658058901395 50.0526229 19.8494772
1658058902757 50.0526145 19.8494955
1658058903639 50.0526082 19.8495087
1658058906000 50.052597 19.8495193
1658058912000 50.0525984 19.8495346
1658058926000 50.05261 19.8495164
1658058927000 50.0526136 19.8495031
1658058929000 50.0526214 19.8494891
1658058974000 50.0526925 19.8494639
1658058975000 50.0527144 19.8494584
1658058976000 50.052724 19.8494553
1658058978000 50.052738 19.8494564
1658058981456 50.0527539 19.8494525
1658058983000 50.0527668 19.8494434
1658058984000 50.0527788 19.849434
1658058985520 50.0527913 19.8494315
1658058989000 50.052787 19.8494439
1658058990496 50.0527754 19.8494591
1658058991373 50.0527671 19.8494677
1658058992915 50.0527537 19.8494895
1658058993558 50.0527432 19.8495081
1658058994200 50.0527327 19.8495248
1658058995000 50.052728 19.8495376
1658058996000 50.0527228 19.8495554
1658058996778 50.0527169 19.8495721
1658058997518 50.0527069 19.8495859
1658058997956 50.0526998 19.8495957
1658058998558 50.0526762 19.8496131
1658058999000 50.0526594 19.8496231
1658058999877 50.0526462 19.8496339
1658059000374 50.0526381 19.8496403
1658059001641 50.0526206 19.8496599
1658059002357 50.0526111 19.8496708
1658059004000 50.0525931 19.849697
1658059004898 50.0525844 19.8497176
1658059005894 50.0525773 19.8497313
1658059007000 50.052567 19.8497497
1658059007643 50.0525565 19.8497659
1658059008817 50.0525464 19.8497826
1658059009496 50.0525404 19.8497932
1658059010694 50.0525318 19.8498111
1658059011914 50.0525257 19.8498308
1658059012478 50.05252 19.849847
1658059013717 50.0525114 19.8498656
1658059014837 50.052502 19.8498806
1658059016000 50.0524939 19.8498965
1658059017000 50.0524877 19.8499144
1658059018000 50.0524842 19.8499399
1658059019000 50.0524824 19.8499543
1658059020000 50.0524791 19.8499732
1658059020799 50.0524737 19.8499906
1658059022000 50.0524671 19.8500038
1658059023896 50.052449 19.8500247
1658059025597 50.0524351 19.8500255
1658059026813 50.0524247 19.8500187
1658059028000 50.0524147 19.850008
1658059029000 50.0524056 19.8499975
1658059029797 50.0523965 19.8499861
1658059031000 50.052384 19.8499741
1658059032754 50.0523651 19.8499622
1658059033678 50.052354 19.8499589
1658059034775 50.0523416 19.8499559
1658059036000 50.0523279 19.8499533
1658059037000 50.0523169 19.8499514
1658059038096 50.052307 19.8499464
1658059040000 50.0522947 19.8499423
1658059041316 50.052286 19.8499365
1658059042516 50.0522776 19.8499303
1658059044000 50.0522679 19.8499218
1658059048000 50.0522708 19.8499368
1658059053480 50.0522647 19.8499204
1658059055000 50.0522571 19.8499031
1658059057137 50.0522434 19.8498775
1658059058396 50.0522353 19.8498624
1658059059714 50.0522288 19.849842
1658059060934 50.0522232 19.8498255
1658059062000 50.0522088 19.8498126
1658059063000 50.0521984 19.8498161
1658059064597 50.052185 19.8498038
1658059065419 50.0521783 19.8497938
1658059067000 50.0521656 19.849775
1658059068000 50.052149 19.8497541
1658059069000 50.0521427 19.8497432
1658059070000 50.0521358 19.8497318
1658059071000 50.0521247 19.8497142
1658059071536 50.0521177 19.8497049
1658059072736 50.0521026 19.8496877
1658059073896 50.0520914 19.8496719
1658059075000 50.0520821 19.8496566
1658059076000 50.0520753 19.8496472
1658059077000 50.0520664 19.8496387
1658059078000 50.0520568 19.8496305
1658059079000 50.0520479 19.8496213
1658059079603 50.0520393 19.8496127
1658059081000 50.0520333 19.8495997
1658059081919 50.0520298 19.8495854
1658059083877 50.0520224 19.8495677
1658059085477 50.0520111 19.8495762
1658059086715 50.0520008 19.8495942
1658059087877 50.0519942 19.8496124
1658059089214 50.051989 19.8496284
1658059091000 50.0519827 19.8496458
1658059093000 50.0519743 19.8496616
1658059095000 50.051964 19.8496592
1658059097000 50.0519655 19.8496404
1658059103514 50.0519571 19.8496304
1658059109775 50.0519468 19.8496281
1658059112000 50.0519343 19.8496226
1658059113000 50.0519256 19.8496143
1658059114000 50.051905 19.8495833
1658059116000 50.0518937 19.8495692
1658059118000 50.0518804 19.84956
1658059120000 50.0518689 19.8495589
1658059124000 50.0518667 19.8495741
1658059126000 50.0518617 19.8495868
1658059129000 50.0518551 19.8495989
1658059135500 50.0518465 19.8496069
1658059138758 50.0518371 19.8496218
1658059142000 50.0518259 19.8496311
1658059144000 50.0518164 19.8496292
1658059146606 50.0518188 19.8496152
1658059151000 50.051828 19.8496111
1658059154118 50.0518206 19.8496201
1658059155677 50.051808 19.8496229
1658059156859 50.0517963 19.8496159
1658059158000 50.0517868 19.8496055
1658059159000 50.051779 19.8495933
1658059159638 50.051772 19.8495827
1658059160936 50.0517646 19.849571
1658059161855 50.0517578 19.8495613
1658059163000 50.0517503 19.8495518
1658059164000 50.0517421 19.8495425
1658059165000 50.0517338 19.8495323
1658059166000 50.0517254 19.8495212
1658059167434 50.0517161 19.849511
1658059168857 50.0517053 19.8495073
1658059170438 50.0516946 19.8495077
1658059172000 50.0516832 19.8495072
1658059173477 50.0516706 19.8495065
1658059174624 50.0516579 19.8495064
1658059176000 50.0516449 19.8495094
1658059177000 50.0516358 19.8495156
1658059178000 50.0516287 19.8495253
1658059179693 50.051617 19.8495399
1658059180835 50.051607 19.8495497
1658059182000 50.0515972 19.8495574
1658059183000 50.0515881 19.8495617
1658059183916 50.0515781 19.8495642
1658059185000 50.0515686 19.8495661
1658059186517 50.051559 19.8495708
1658059188000 50.0515543 19.8495866
1658059189000 50.0515548 19.8496016
1658059190000 50.051557 19.8496162
1658059191000 50.051562 19.8496309
1658059192256 50.0515728 19.8496463
1658059193094 50.0515807 19.8496566
1658059194399 50.0515911 19.8496705
1658059195631 50.0515997 19.8496831
1658059197000 50.0516074 19.8496983
1658059198357 50.0516188 19.8497086
1658059199736 50.0516296 19.8497181
1658059201000 50.0516374 19.849726
1658059202618 50.0516477 19.8497379
1658059204716 50.0516644 19.8497427
1658059206000 50.0516768 19.8497441
1658059206758 50.051686 19.8497482
1658059208000 50.0516939 19.8497558
1658059209516 50.0517064 19.8497625
1658059211195 50.0517168 19.8497697
1658059213720 50.0517264 19.8497798
1658059216000 50.0517279 19.8497944
1658059219000 50.0517286 19.8498113
1658059221739 50.051738 19.8498206
1658059223218 50.0517502 19.849818
1658059224436 50.051761 19.8498136
1658059225736 50.0517742 19.8498101
1658059227000 50.0517854 19.8498144
1658059228000 50.0517941 19.8498234
1658059229000 50.0518033 19.8498354
1658059230677 50.0518146 19.849854
1658059231839 50.0518192 19.8498695
1658059233000 50.0518202 19.8498864
1658059234538 50.0518165 19.8499078
1658059236335 50.051815 19.849925
1658059238000 50.0518159 19.8499399
1658059240000 50.051818 19.8499565
1658059253716 50.0518011 19.8499559
1658059255000 50.0517883 19.8499558
1658059257000 50.0517782 19.8499574
1658059260000 50.0517694 19.8499619
1658059279000 50.0518115 19.8499503
1658059280000 50.0518392 19.8499433
1658059281000 50.0518576 19.8499402
1658059282000 50.0518769 19.8499354
1658059284000 50.0518872 19.8499321
1658059305000 50.0518614 19.8499456
1658059310775 50.051871 19.8499326
1658059312855 50.0518877 19.8499277
1658059314000 50.0518992 19.8499278
1658059315131 50.051927 19.8498998
1658059315819 50.0519106 19.8499203
1658059317772 50.0519437 19.849882
1658059318000 50.051917 19.8499079
1658059318952 50.0519553 19.8498687
1658059321000 50.0519344 19.8498917
1658059323252 50.0519905 19.8498178
1658059324393 50.0520005 19.8498075
1658059325000 50.0519666 19.8498552
1658059325770 50.052011 19.8497992
1658059326000 50.0519751 19.8498421
1658059327000 50.051982 19.8498286
1658059327093 50.0520242 19.849787
1658059329882 50.0520462 19.8497728
1658059331093 50.0520566 19.8497729
1658059333000 50.0520337 19.8497776
1658059333014 50.0520737 19.8497572
1658059337000 50.0520654 19.8497678
1658059340755 50.0520634 19.8497611
1658059348000 50.0520539 19.8497592
1658059361674 50.0520437 19.8497512
1658059366095 50.052055 19.8497483
1658059369000 50.0520655 19.8497501
1658059371000 50.0520751 19.8497435
1658059372535 50.052081 19.8497317
1658059374955 50.0520811 19.8496974
1658059375000 50.0520811 19.8497114
1658059378000 50.0520835 19.8496826
1658059387000 50.0520926 19.8496782
1658059396855 50.0521019 19.8496874
1658059400755 50.0521037 19.8497012
1658059402592 50.0520941 19.8496993
1658059405000 50.0520842 19.8496979
1658059407000 50.0520732 19.8496994
1658059409000 50.0520609 19.8496992
1658059411000 50.0520496 19.8496962
1658059412000 50.0520402 19.8496927
1658059413000 50.052029 19.8496896
1658059414000 50.0520184 19.8496859
1658059416000 50.0520064 19.8496802
1658059419456 50.0519974 19.8496755
1658059420777 50.0519869 19.8496732
1658059421611 50.051977 19.8496689
1658059422916 50.051964 19.8496608
1658059425000 50.0519555 19.8496534
1658059425013 50.0519482 19.8496452
1658059426456 50.051939 19.8496345
1658059430000 50.0519329 19.8496208
1658059442000 50.0519519 19.8496027
1658059443000 50.0519677 19.8495768
1658059444000 50.0519778 19.8495672
1658059445000 50.0519868 19.849561
1658059447000 50.0520026 19.8495507
1658059447457 50.0520111 19.8495433
1658059448936 50.0520197 19.8495288
1658059451000 50.0520237 19.8495141
1658059451593 50.0520268 19.8494935
1658059452832 50.0520291 19.8494786
1658059453971 50.0520336 19.8494645
1658059456000 50.052038 19.8494517
1658059456994 50.0520505 19.8494331
1658059458116 50.05206 19.8494254
1658059461000 50.0520713 19.8494065
1658059461912 50.0520779 19.8493737
1658059462000 50.0520746 19.8493893
1658059463072 50.0520839 19.8493551
1658059465000 50.052091 19.8493378
1658059465013 50.0521067 19.8493117
1658059467000 50.0521109 19.8492882
1658059468000 50.0521164 19.8492692
1658059469000 50.0521222 19.8492514
1658059470000 50.0521281 19.8492369
1658059471114 50.0521353 19.8492176
1658059473373 50.0521388 19.8491955
1658059474551 50.0521489 19.8491752
1658059475796 50.0521618 19.849162
1658059476851 50.0521742 19.8491563
1658059477592 50.0521832 19.8491493
1658059478655 50.0521945 19.8491403
1658059479755 50.052206 19.8491331
1658059480935 50.052219 19.8491224
1658059483000 50.0522314 19.8491016
1658059484000 50.0522386 19.8490871
1658059485000 50.0522455 19.8490715
1658059485474 50.0522487 19.8490555
1658059487013 50.0522546 19.8490398
1658059490000 50.0522635 19.8490262
1658059491951 50.0522758 19.8490194
1658059493756 50.0522827 19.8490068
1658059496000 50.052288 19.8489924
1658059496692 50.0522957 19.8489742
1658059497935 50.0523016 19.8489608
1658059500000 50.0523076 19.8489496
1658059501000 50.0523149 19.8489399
1658059502000 50.0523224 19.8489315
1658059502073 50.0523321 19.8489265
1658059504000 50.0523419 19.8489247
1658059504974 50.0523567 19.8489241
1658059506735 50.0523707 19.8489282
1658059507816 50.05238 19.8489312
1658059510000 50.0523962 19.8489303
1658059510433 50.0524102 19.8489274
1658059511594 50.0524215 19.8489269
1658059512472 50.0524311 19.8489277
1658059513691 50.0524412 19.8489313
1658059514891 50.0524496 19.8489388
1658059516451 50.0524583 19.8489497
1658059519000 50.0524709 19.8489602
1658059520000 50.0524815 19.8489629
1658059520012 50.0524918 19.8489602
1658059522000 50.0525031 19.8489551
1658059522432 50.0525151 19.8489511
1658059523611 50.0525261 19.848951
1658059524855 50.0525396 19.8489551
1658059526016 50.0525518 19.8489589
1658059528000 50.0525627 19.8489639
1658059529000 50.052572 19.8489692
1658059529552 50.0525828 19.8489755
1658059530673 50.0525919 19.8489805
1658059533000 50.0526058 19.8489863
1658059534000 50.0526161 19.848994
1658059534075 50.0526265 19.8490017
1658059535274 50.0526359 19.8490116
1658059536416 50.0526445 19.8490175
1658059537575 50.052654 19.8490228
1658059538690 50.0526627 19.8490286
1658059541000 50.0526737 19.8490327
1658059541654 50.0526846 19.8490321
1658059543915 50.0527102 19.8490329
1658059544000 50.0526988 19.8490323
1658059545032 50.0527243 19.8490352
1658059547000 50.0527375 19.8490396
1658059548000 50.052751 19.8490477
1658059548655 50.052767 19.8490556
1658059551000 50.0527836 19.849065
1658059552000 50.0527963 19.8490745
1658059553000 50.0528079 19.8490841
1658059554000 50.0528182 19.8490928
1658059554774 50.0528303 19.849104
1658059555875 50.0528385 19.8491103
1658059557036 50.052847 19.8491197
1658059559000 50.0528539 19.8491296
1658059559914 50.052865 19.8491463
1658059561055 50.0528717 19.8491586
1658059562853 50.0528873 19.8491836
1658059563000 50.0528797 19.8491706
1658059563554 50.0528937 19.8491937
1658059564604 50.0529065 19.8492059
1658059567555 50.0529262 19.8492034
1658059571000 50.0529294 19.8491584
1658059577845 50.052958 19.8491392
1658059579000 50.0529684 19.8491577
1658059579711 50.0529698 19.8491765
1658059581036 50.0529698 19.8491944
1658059581415 50.0529689 19.8492094
1658059582837 50.0529682 19.849235
1658059583934 50.0529651 19.8492583
1658059584911 50.0529625 19.8492823
1658059587000 50.0529641 19.8493149
1658059587973 50.0529678 19.8493675
1658059588000 50.0529659 19.8493427
1658059588575 50.0529687 19.8493846
1658059589736 50.0529703 19.8494116
1658059592000 50.0529752 19.8494409
1658059592353 50.0529805 19.8494618
1658059595000 50.052983 19.8494826
1658059597000 50.0529822 19.8494996
1658059600000 50.0529823 19.8495164
1658059619693 50.0529762 19.8495319
1658059622000 50.0530057 19.8495075
1658059623000 50.0530223 19.8494991
1658059624000 50.0530328 19.8494962
1658059626000 50.0530425 19.8494891
1658059628000 50.0530409 19.8494716
1658059631000 50.0530398 19.8494565
1658059636734 50.0530507 19.8494577
1658059637913 50.0530614 19.8494656
1658059638634 50.0530694 19.8494727
1658059639717 50.0530827 19.8494845
1658059640833 50.0530972 19.8494987
1658059641972 50.0531123 19.8495197
1658059642555 50.0531217 19.8495338
1658059643755 50.0531376 19.849555
1658059644000 50.0531283 19.8495435
1658059644372 50.0531492 19.8495684
1658059644935 50.0531573 19.8495771
1658059645637 50.0531683 19.8495869
1658059646673 50.0531841 19.8496033
1658059647893 50.0531983 19.8496238
1658059649053 50.0532037 19.8496368
1658059650273 50.0532086 19.8496563
1658059651636 50.0532187 19.8496813
1658059652782 50.0532289 19.8497019
1658059653576 50.0532372 19.8497132
1658059654534 50.0532459 19.8497243
1658059655872 50.0532562 19.8497354
1658059658855 50.0532661 19.8497362
1658059660914 50.0532746 19.8497205
1658059663292 50.0532761 19.849703
1658059664466 50.053279 19.8496864
1658059665593 50.0532804 19.8496691
1658059667352 50.0532847 19.8496472
1658059668374 50.0532852 19.8496313
1658059670216 50.0532929 19.8496125
1658059673000 50.0532831 19.8496133
1658059673993 50.0532915 19.8495992
1658059676000 50.0533002 19.8495858
1658059677000 50.0533062 19.849574
1658059678000 50.0533136 19.8495611
1658059679000 50.0533224 19.8495484
1658059680000 50.0533299 19.8495375
1658059680136 50.0533376 19.849525
1658059681493 50.0533448 19.849513
1658059682897 50.0533551 19.8494993
1658059685000 50.053364 19.8494885
1658059686000 50.0533727 19.8494822
1658059687000 50.0533825 19.8494792
1658059688000 50.0533947 19.8494818
1658059688099 50.0534046 19.8494829
1658059690000 50.0534169 19.8494845
1658059691000 50.0534293 19.8494824
1658059691997 50.05345 19.849471
1658059692000 50.0534414 19.8494762
1658059692836 50.0534614 19.8494632
1658059693714 50.0534738 19.8494524
1658059694834 50.0534853 19.8494389
1658059697000 50.0534958 19.8494216
1658059698000 50.0535023 19.849404
1658059699000 50.0535096 19.8493879
1658059700000 50.0535172 19.8493735
1658059702000 50.0535301 19.8493541
1658059702873 50.0535413 19.8493397
1658059706000 50.0535534 19.8493209
1658059706975 50.053562 19.8493051
1658059708617 50.0535725 19.8492922
1658059709634 50.0535823 19.8492883
1658059710755 50.0535937 19.8492875
1658059713000 50.0536053 19.8492789
1658059715000 50.0536051 19.8492611
1658059715453 50.0535932 19.8492606
1658059716515 50.0535857 19.8492704
1658059719000 50.0535779 19.8492885
1658059719491 50.0535766 19.849303
1658059723000 50.0535835 19.8493171
1658059727000 50.0535928 19.8493183
1658059750991 50.0535909 19.8493523
1658059751000 50.0535944 19.8493392
1658059752335 50.0535871 19.8493721
1658059753805 50.0535846 19.8493871
1658059756000 50.0535782 19.8494008
1658059756615 50.05357 19.8494157
1658059760000 50.0535702 19.8494305
1658059763000 50.0535777 19.8494219
1658059764182 50.0535808 19.8494077
1658059767000 50.0535831 19.8493933
1658059768035 50.0535846 19.8493734
1658059769052 50.0535882 19.8493595
1658059770355 50.0535935 19.8493409
1658059771556 50.0535972 19.8493236
1658059772814 50.0536 19.8493053
1658059773995 50.0536039 19.8492865
1658059776000 50.0536073 19.8492721
1658059777000 50.0536113 19.849258
1658059777411 50.053617 19.8492443
1658059778551 50.0536231 19.8492333
1658059779877 50.0536301 19.8492211
1658059782000 50.0536376 19.8492069
1658059782757 50.0536481 19.84919
1658059785000 50.0536544 19.8491776
1658059785553 50.0536621 19.8491586
1658059786695 50.0536697 19.8491495
1658059787874 50.0536794 19.8491433
1658059789295 50.0536889 19.8491315
1658059790495 50.0536903 19.8491176
1658059793000 50.0536918 19.8490985
1658059794056 50.0536964 19.8490793
1658059797413 50.0536968 19.8490644
1658059800000 50.0537056 19.8490522
1658059801000 50.0537145 19.8490439
1658059802000 50.0537222 19.8490333
1658059802191 50.0537304 19.8490216
1658059803372 50.0537389 19.8490096
1658059804571 50.0537444 19.8489977
1658059807000 50.0537495 19.8489809
1658059807975 50.0537592 19.8489647
1658059809954 50.0537784 19.8489616
1658059810956 50.0537908 19.8489593
1658059811953 50.0538006 19.8489525
1658059814000 50.0538104 19.8489448
1658059815000 50.0538207 19.8489395
1658059815455 50.0538316 19.8489328
1658059816514 50.0538403 19.8489262
1658059817635 50.0538492 19.8489188
1658059820000 50.0538602 19.8489141
1658059821977 50.0538657 19.8489011
1658059823615 50.0538719 19.8488879
1658059826000 50.0538787 19.8488746
1658059828000 50.0538842 19.8488613
1658059828818 50.0538946 19.8488472
1658059831000 50.0539023 19.8488375
1658059831473 50.0539123 19.848823
1658059832534 50.0539197 19.8488114
1658059835000 50.0539313 19.8487988
1658059835894 50.0539462 19.8487889
1658059836894 50.0539573 19.8487816
1658059839000 50.0539689 19.8487736
1658059839072 50.0539794 19.8487662
1658059841000 50.0539926 19.8487549
1658059841497 50.0540004 19.8487458
1658059844000 50.0540133 19.8487351
1658059845000 50.0540238 19.8487331
1658059846000 50.0540334 19.8487316
1658059846891 50.0540457 19.8487253
1658059848054 50.054056 19.8487271
1658059849614 50.0540666 19.8487327
1658059852000 50.0540776 19.8487374
1658059852954 50.0540892 19.8487429
1658059854752 50.0541003 19.8487494
1658059855835 50.0541088 19.8487544
1658059857655 50.0541219 19.8487602
1658059860000 50.0541332 19.8487666
1658059860593 50.0541422 19.8487727
1658059863000 50.0541499 19.8487834
1658059863556 50.0541582 19.8488002
1658059864014 50.0541654 19.8488119
1658059867000 50.0541761 19.8488143
1658059869000 50.0541856 19.8488233
1658059870976 50.0541754 19.8488339
1658059872938 50.0541663 19.8488416
1658059880096 50.054158 19.8488515
1658059928000 50.0541946 19.8488747
1658059929000 50.0542284 19.8488957
1658059931000 50.0542378 19.8489038
1658059964997 50.0542339 19.8489383
1658059965000 50.0542369 19.8489227
1658059965552 50.054231 19.8489519
1658059966915 50.0542313 19.8489716
1658059967833 50.0542343 19.8489886
1658059968995 50.0542377 19.8490103
1658059970094 50.054242 19.8490384
1658059971218 50.0542452 19.8490614
1658059972332 50.0542474 19.8490811
1658059973472 50.05425 19.8491007
1658059975136 50.0542559 19.8491331
1658059977000 50.0542658 19.8491686
1658059977052 50.0542693 19.8491827
1658059977995 50.0542737 19.8492009
1658059978553 50.0542786 19.8492184
1658059979791 50.054289 19.8492527
1658059980000 50.054283 19.8492331
1658059981835 50.0543019 19.8492827
1658059982000 50.0542962 19.8492715
1658059983115 50.0543105 19.849299
1658059985000 50.0543168 19.8493128
1658059986000 50.0543209 19.8493267
1658059986814 50.054325 19.8493506
1658059988073 50.054325 19.8493712
1658059988976 50.054324 19.8493853
1658059991000 50.0543236 19.8494046
1658059991698 50.0543257 19.849424
1658059992935 50.0543312 19.8494373
1658059994115 50.0543376 19.8494495
1658059996000 50.0543462 19.849461
1658059997000 50.0543525 19.8494736
1658060003895 50.0543534 19.8494875
1658060013000 50.0543608 19.8494962
1658060017000 50.0543718 19.8495003
1658060019000 50.0543764 19.849513
1658060019834 50.0543807 19.8495374
1658060022000 50.0543844 19.8495509
1658060023033 50.0543862 19.8495713
1658060024332 50.0543864 19.8495929
1658060025617 50.054386 19.8496131
1658060026874 50.0543864 19.8496297
1658060029000 50.0543873 19.8496496
1658060029675 50.054385 19.8496658
1658060031988 50.0543812 19.8496809
1658060033655 50.0543796 19.8496955
1658060035594 50.0543785 19.8497123
1658060038000 50.0543733 19.8497238
1658060038853 50.0543671 19.8497394
1658060040795 50.0543624 19.8497548
1658060043000 50.0543624 19.8497707
1658060043693 50.0543663 19.8497905
1658060046000 50.0543716 19.849809
1658060048000 50.0543802 19.8498308
1658060048636 50.0544003 19.8498459
1658060052000 50.0544137 19.8498444
1658060053016 50.0544238 19.8498393
1658060059000 50.0544231 19.8498571
1658060059494 50.0544185 19.8498739
1658060060872 50.0544158 19.8498889
1658060062832 50.0544156 19.849911
1658060065000 50.0544165 19.8499272
1658060067000 50.0544203 19.8499467
1658060069000 50.0544277 19.8499604
1658060072000 50.0544386 19.8499604
1658060074493 50.0544409 19.8499782
1658060075854 50.0544428 19.8499942
1658060078000 50.0544461 19.8500111
1658060078616 50.0544531 19.8500281
1658060080000 50.0544621 19.850041
1658060080891 50.0544721 19.8500524
1658060084000 50.054485 19.8500661
1658060084615 50.0544944 19.8500632
1658060089000 50.0544927 19.8500476
1658060091974 50.0544858 19.8500567
1658060093454 50.0544843 19.8500735
1658060096000 50.0544824 19.8500924
1658060097000 50.0544816 19.8501067
1658060099000 50.0544841 19.8501318
1658060100075 50.0544857 19.8501524
1658060103000 50.0544873 19.8501732
1658060103892 50.0544808 19.8501847
1658060105896 50.0544646 19.8502001
1658060106000 50.0544729 19.8501922
1658060106915 50.0544561 19.8502069
1658060109000 50.0544445 19.8502138
1658060110000 50.0544287 19.8502185
1658060110836 50.0544184 19.8502301
1658060111796 50.0544131 19.8502445
1658060114000 50.0544054 19.8502588
1658060116000 50.0543923 19.8502684
1658060118000 50.0543821 19.8502758
1658060126000 50.0543796 19.8502598
1658060156000 50.0543714 19.8502673
1658060160000 50.0543612 19.8502738
1658060168000 50.0543521 19.8502758
1658060168976 50.0543391 19.850279
1658060171000 50.0543304 19.8502826
1658060172000 50.0543204 19.8502869
1658060174000 50.0543028 19.8502995
1658060176000 50.0542952 19.8503117
1658060188000 50.0542869 19.8503258
1658060192000 50.054277 19.8503314
1658060220000 50.0542862 19.8503094
1658060222000 50.0542764 19.850313
1658060223000 50.0542664 19.850312
1658060224000 50.0542568 19.8503113
1658060224015 50.0542468 19.8503132
1658060224855 50.054236 19.8503147
1658060227000 50.054222 19.8503173
1658060228000 50.0542103 19.8503247
1658060229000 50.0542012 19.8503331
1658060230000 50.054193 19.8503414
1658060230952 50.0541814 19.8503491
1658060232571 50.0541722 19.8503604
1658060235000 50.0541653 19.8503714
1658060235633 50.0541584 19.8503888
1658060236917 50.0541536 19.8504029
1658060237634 50.054149 19.8504186
1658060238932 50.0541436 19.8504322
1658060241000 50.0541371 19.8504448
1658060241693 50.0541287 19.8504615
1658060244000 50.0541269 19.8504794
1658060246000 50.0541272 19.8504953
1658060246655 50.0541288 19.8505116
1658060249000 50.0541297 19.8505305
1658060250573 50.0541271 19.8505462
1658060252014 50.0541195 19.850554
1658060255000 50.0541088 19.8505655
1658060257000 50.054106 19.8505809
1658060265000 50.054109 19.8505965
1658060275000 50.0541181 19.850625
1658060276000 50.0541242 19.8506463
1658060280113 50.0541286 19.8506321
1658060282094 50.0541331 19.8506519
1658060283537 50.0541372 19.8506657
1658060286000 50.0541461 19.8506781
1658060287116 50.0541579 19.8506988
1658060288315 50.05417 19.8507099
1658060289536 50.0541812 19.8507135
1658060290814 50.0541936 19.850714
1658060291793 50.0542037 19.8507118
1658060294000 50.0542184 19.8507116
1658060296000 50.0542333 19.8507238
1658060296553 50.0542459 19.850734
1658060299000 50.0542582 19.8507436
1658060299674 50.0542701 19.8507385
1658060300800 50.054278 19.8507293
1658060301952 50.054286 19.8507202
1658060303799 50.0542978 19.8507022
1658060304976 50.0543036 19.8506887
1658060306094 50.0543104 19.8506732
1658060307334 50.0543185 19.85066
1658060308435 50.0543287 19.8506464
1658060309676 50.0543375 19.8506356
1658060310895 50.0543479 19.8506267
1658060313000 50.0543603 19.8506175
1658060313612 50.0543733 19.850606
1658060316000 50.0543795 19.8505952
1658060317913 50.0543889 19.8505852
1658060319735 50.0543995 19.8505861
1658060321592 50.0544105 19.8505834
1658060322657 50.0544194 19.850581
1658060323795 50.0544288 19.8505774
1658060327000 50.0544368 19.8505671
1658060331000 50.0544444 19.8505575
1658060334000 50.0544556 19.8505533
1658060336000 50.0544658 19.8505477
1658060338000 50.0544748 19.8505426
1658060339372 50.0544833 19.8505377
1658060342000 50.0544914 19.8505301
1658060361692 50.0545002 19.8505238
1658060363194 50.0545097 19.8505196
1658060365574 50.0545183 19.850513
1658060370000 50.0545273 19.8505074
1658060375000 50.0545375 19.8505081
1658060377000 50.0545518 19.8505117
1658060377032 50.0545632 19.8505164
1658060379000 50.0545741 19.8505208
1658060381000 50.0545856 19.8505235
1658060400852 50.0545829 19.8505076
1658060403056 50.0545719 19.850493
1658060405000 50.0545635 19.8504834
1658060405554 50.0545567 19.8504694
1658060407055 50.0545532 19.850455
1658060408576 50.0545526 19.8504384
1658060410133 50.0545551 19.8504232
1658060411653 50.0545645 19.8504109
1658060414000 50.0545729 19.8504015
1658060417733 50.0545818 19.8503957
1658060426000 50.0545834 19.8504152
1658060430000 50.0545815 19.8504317
1658060434000 50.0545703 19.8504348
1658060438000 50.0545611 19.8504359
1658060451855 50.0545562 19.8504523
1658060455000 50.054551 19.8504693
1658060455811 50.0545468 19.8504908
1658060456805 50.0545449 19.8505073
1658060459000 50.0545426 19.8505288
1658060459333 50.0545427 19.8505535
1658060460854 50.0545461 19.8505702
1658060463000 50.0545518 19.850584
1658060465000 50.0545572 19.8505973
1658060468000 50.0545675 19.8505937
1658060475833 50.0545756 19.8505828
1658060478438 50.054585 19.8505939
1658060480858 50.0545898 19.8506077
1658060490714 50.0545893 19.8506221
1658060492814 50.0545858 19.8506367
1658060494616 50.054588 19.8506529
1658060496575 50.054593 19.8506686
1658060501000 50.0546021 19.8506798
1658060508000 50.0545927 19.8506794
1658060533714 50.0546029 19.8506949
1658060536055 50.0546088 19.850712
1658060537552 50.054617 19.8507263
1658060539696 50.0546241 19.8507371
1658060552000 50.0546163 19.8507447
1658060566000 50.0545994 19.8507607
1658060567000 50.0545914 19.8507739
1658060569000 50.0545836 19.8507921
1658060585000 50.0545757 19.8507788
1658060587000 50.0545702 19.8507626
1658060589000 50.0545603 19.8507508
1658060603973 50.0545649 19.8507673
1658060606000 50.0545724 19.8507793
1658060606152 50.0545776 19.8507944
1658060609000 50.054581 19.8508098
1658060612000 50.054578 19.8508241
1658060636934 50.0545704 19.8508382
1658060639000 50.0545664 19.8508582
1658060639073 50.0545658 19.8508737
1658060640046 50.0545666 19.8508914
1658060643000 50.0545684 19.8509074
1658060646000 50.0545697 19.8509263
1658060653000 50.0545708 19.850941
1658060657973 50.0545809 19.850939
1658060659799 50.0545917 19.8509419
1658060661656 50.0545995 19.8509528
1658060662932 50.0546049 19.8509651
1658060664854 50.0546103 19.8509949
1658060665497 50.0546107 19.8510095
1658060666054 50.0546109 19.8510244
1658060668000 50.0546121 19.8510425
1658060669000 50.0546133 19.8510602
1658060669214 50.0546175 19.8510808
1658060671000 50.0546208 19.8510941
1658060672000 50.0546281 19.8511123
1658060673000 50.0546381 19.851126
1658060674000 50.0546491 19.8511354
1658060675000 50.0546612 19.8511422
1658060675832 50.0546711 19.8511515
1658060677558 50.0546793 19.8511625
1658060680000 50.0546924 19.8511645
1658060681798 50.0547029 19.8511601
1658060683197 50.0547108 19.851169
1658060686000 50.0547193 19.8511777
1658060686934 50.0547289 19.851184
1658060688235 50.054738 19.851181
1658060689894 50.0547488 19.8511802
1658060693000 50.0547576 19.8511881
1658060694556 50.054768 19.8512022
1658060696851 50.0547816 19.8511998
1658060699000 50.0547925 19.8511994
1658060700000 50.054802 19.8511983
1658060701017 50.0548173 19.8511983
1658060702393 50.054827 19.8512007
1658060704512 50.0548379 19.8512152
1658060707000 50.0548382 19.851232
1658060707613 50.0548326 19.8512457
1658060710000 50.0548239 19.8512608
1658060711075 50.0548168 19.8512851
1658060712053 50.0548159 19.8513019
1658060717000 50.0548169 19.8513184
1658060737000 50.0548143 19.8513322
1658060738894 50.0547961 19.8513512
1658060739392 50.054784 19.8513626
1658060741031 50.0547724 19.8513748
1658060744000 50.0547638 19.851388
1658060745000 50.0547571 19.8513992
1658060745752 50.054749 19.8514142
1658060747815 50.0547374 19.8514261
1658060750000 50.0547249 19.8514284
1658060751000 50.0547147 19.8514302
1658060751875 50.0546959 19.8514354
1658060752000 50.0547056 19.8514335
1658060754000 50.0546859 19.8514384
1658060755014 50.0546756 19.8514499
1658060757000 50.0546679 19.8514589
1658060757393 50.0546592 19.8514643
1658060758592 50.0546499 19.8514695
1658060760014 50.0546384 19.8514735
1658060762000 50.0546289 19.8514796
1658060763036 50.0546229 19.8514967
1658060765000 50.0546221 19.8515115
1658060765414 50.0546216 19.8515356
1658060766034 50.054621 19.85155
1658060767895 50.0546222 19.8515704
1658060770000 50.0546274 19.8515847
1658060770413 50.0546328 19.8515969
1658060771693 50.0546383 19.85161
1658060772914 50.0546442 19.8516258
1658060775000 50.0546523 19.8516502
1658060776734 50.0546634 19.8516744
1658060778074 50.0546687 19.8516924
1658060780000 50.0546705 19.8517075
1658060780073 50.0546709 19.8517223
1658060782000 50.0546704 19.8517417
1658060783153 50.0546629 19.8517804
1658060784373 50.0546572 19.8518005
1658060785593 50.0546543 19.8518197
1658060786893 50.0546551 19.851838
1658060789000 50.0546582 19.8518541
1658060789612 50.0546611 19.8518713
1658060790873 50.0546587 19.8518873
1658060792071 50.0546523 19.8519034
1658060793974 50.0546411 19.8519168
1658060796000 50.0546337 19.8519269
1658060796556 50.0546187 19.8519439
1658060797875 50.054609 19.8519501
1658060798577 50.0546002 19.8519552
1658060799933 50.0545865 19.8519645
1658060800654 50.0545771 19.8519711
1658060801953 50.0545651 19.8519807
1658060803133 50.0545571 19.8519916
1658060805000 50.0545519 19.852004
1658060807000 50.054547 19.8520322
1658060807093 50.0545475 19.8520473
1658060808355 50.0545503 19.8520645
1658060809835 50.0545512 19.8520819
1658060812000 50.0545558 19.8521
1658060813000 50.0545643 19.8521126
1658060815000 50.0545751 19.8521234
1658060817000 50.0545782 19.8521408
1658060819000 50.0545722 19.8521535
1658060823000 50.0545628 19.8521585
1658060831000 50.0545563 19.8521689
1658060850754 50.0545703 19.8521763
1658060851916 50.0545845 19.8521827
1658060853035 50.0545932 19.8521914
1658060853914 50.0546015 19.8522019
1658060855037 50.0546105 19.8522156
1658060855593 50.054618 19.8522253
1658060856754 50.0546301 19.8522393
1658060858000 50.0546404 19.8522488
1658060860000 50.054653 19.8522676
1658060861000 50.0546587 19.8522836
1658060862000 50.0546645 19.8523009
1658060863000 50.0546692 19.8523194
1658060864000 50.0546705 19.8523382
1658060864821 50.0546757 19.8523652
1658060865973 50.0546844 19.852381
1658060867896 50.0546983 19.8524065
1658060870000 50.0547058 19.8524173
1658060872000 50.0547137 19.8524393
1658060874000 50.054717 19.85246
1658060876000 50.0547119 19.8524888
1658060878000 50.0547009 19.8524897
1658060881000 50.0546898 19.8524825
1658060885000 50.0546865 19.8524675
1658060893810 50.0546896 19.8524898
1658060894956 50.0546925 19.8525073
1658060897000 50.0546951 19.8525287
1658060898000 50.0547009 19.8525517
1658060900000 50.0547097 19.852573
1658060901000 50.0547177 19.8525873
1658060902000 50.054728 19.8525992
1658060902135 50.0547392 19.8526117
1658060902934 50.0547478 19.8526178
1658060905000 50.0547584 19.8526279
1658060905394 50.0547697 19.8526422
1658060908000 50.0547717 19.8526596
1658060911000 50.0547588 19.8526616
1658060911102 50.054751 19.852653
1658060918074 50.0547583 19.8526696
1658060919917 50.0547694 19.8527016
1658060920000 50.0547644 19.8526854
1658060920495 50.0547726 19.8527148
1658060921794 50.0547753 19.8527354
1658060923096 50.0547791 19.8527548
1658060924415 50.0547843 19.852778
1658060925693 50.0547878 19.8527971
1658060926847 50.0547932 19.8528136
1658060927838 50.0547986 19.852827
1658060930000 50.0548044 19.8528435
1658060930836 50.0548104 19.8528592
1658060932833 50.0548175 19.8528753
1658060935000 50.0548225 19.8528893
1658060936000 50.054828 19.8529016
1658060936335 50.0548347 19.8529121
1658060937333 50.054842 19.8529249
1658060940000 50.0548465 19.8529423
1658060940952 50.0548507 19.8529632
1658060942834 50.0548653 19.8529776
1658060943934 50.0548787 19.8529756
1658060945056 50.0548916 19.8529713
1658060946715 50.0549154 19.8529555
1658060947000 50.0549072 19.8529621
1658060948000 50.0549242 19.85295
1658060948675 50.0549354 19.8529386
1658060949936 50.054947 19.8529279
1658060951095 50.0549581 19.8529184
1658060953000 50.0549677 19.8529099
1658060954000 50.0549763 19.852902
1658060955000 50.0549848 19.8528958
1658060955055 50.054993 19.8528896
1658060956454 50.0550024 19.8528871
1658060958053 50.0550153 19.8528811
1658060961000 50.0550326 19.8528722
1658060961672 50.0550404 19.8528646
1658060962957 50.0550503 19.8528579
1658060964655 50.05506 19.852861
1658060966240 50.0550663 19.8528762
1658060968355 50.0550643 19.8528949
1658060969494 50.0550604 19.8529089
1658060970695 50.0550559 19.8529235
1658060971250 50.0550521 19.8529362
1658060972815 50.0550489 19.852952
1658060974136 50.0550477 19.8529666
1658060975553 50.0550448 19.8529845
1658060976957 50.0550375 19.8529997
1658060980000 50.05503 19.8530143
1658060982000 50.0550227 19.8530233
1658060982818 50.0550114 19.8530305
1658060986000 50.055007 19.8530434
1658060989000 50.0549983 19.8530541
1658061015834 50.0550063 19.8530644
1658061018517 50.0550052 19.8530822
1658061021000 50.0550045 19.8531011
1658061021353 50.0550024 19.8531212
1658061024000 50.0550035 19.8531482
1658061024475 50.0550073 19.8531698
1658061026369 50.0550186 19.8532026
1658061027000 50.0550129 19.8531906
1658061028115 50.0550244 19.853217
1658061031000 50.0550339 19.8532217
1658061034000 50.055043 19.853218
1658061040816 50.0550407 19.853233
1658061043072 50.0550379 19.8532496
1658061044474 50.0550291 19.8532624
1658061045853 50.0550187 19.853271
1658061046419 50.0550104 19.8532787
1658061049000 50.0550025 19.853293
1658061049413 50.0549907 19.8532965
1658061050736 50.0549813 19.8532915
1658061052117 50.0549701 19.8532945
1658061054000 50.0549623 19.8533033
1658061054712 50.0549557 19.8533187
1658061056057 50.054951 19.8533316
1658061058000 50.054949 19.8533453
1658061059000 50.0549475 19.8533614
1658061059834 50.0549467 19.8533802
1658061061936 50.0549369 19.8533821
1658061063832 50.0549275 19.8533641
1658061064955 50.0549225 19.853343
1658061066094 50.054919 19.8533217
1658061066653 50.054916 19.8533078
1658061067977 50.054911 19.8532804
1658061069136 50.054908 19.8532598
1658061070960 50.0549057 19.8532158
1658061071000 50.0549069 19.8532384
1658061071516 50.0549045 19.8531991
1658061072757 50.0549006 19.853173
1658061073955 50.0548944 19.853152
1658061076000 50.0548847 19.8531307
1658061076355 50.0548781 19.8531132
1658061077537 50.054872 19.8530923
1658061080000 50.0548666 19.8530758
1658061081096 50.0548553 19.8530619
1658061082436 50.0548419 19.8530522
1658061085000 50.0548306 19.8530494
1658061085714 50.0548216 19.8530351
1658061086854 50.0548107 19.8530334
1658061087899 50.0547985 19.8530392
1658061089014 50.0547903 19.8530489
1658061090034 50.0547807 19.8530603
1658061092000 50.0547688 19.8530714
1658061093000 50.0547569 19.8530796
1658061093033 50.0547463 19.8530855
1658061094857 50.0547282 19.8530999
1658061095000 50.0547369 19.8530916
1658061096113 50.0547177 19.853114
1658061097896 50.0547039 19.8531408
1658061098000 50.0547093 19.8531278
1658061099031 50.0547007 19.8531576
1658061100297 50.0547002 19.8531789
1658061101714 50.0547001 19.8531975
1658061103031 50.0547033 19.8532191
1658061104826 50.0547104 19.8532342
1658061108000 50.054719 19.8532505
1658061109115 50.0547312 19.8532531
1658061112000 50.0547375 19.8532416
1658061115000 50.0547387 19.853227
1658061130415 50.0547442 19.8532387
1658061131475 50.0547458 19.8532536
1658061132354 50.054748 19.8532704
1658061133635 50.0547509 19.8532897
1658061135076 50.0547536 19.8533101
1658061136679 50.0547606 19.8533451
1658061137000 50.054757 19.8533304
1658061140000 50.0547675 19.8533679
1658061142000 50.0547748 19.853388
1658061144000 50.0547786 19.8534034
1658061146000 50.0547852 19.8534154
1658061146433 50.0547909 19.8534272
1658061147817 50.0547963 19.853441
1658061149692 50.0548017 19.8534551
1658061154000 50.0548012 19.8534729
1658061156000 50.0548106 19.8534739
1658061157192 50.0548194 19.8534681
1658061172000 50.054818 19.853482
1658061174000 50.0548127 19.8535067
1658061175000 50.0548105 19.8535288
1658061177000 50.0547924 19.853551
1658061178000 50.0548063 19.8535236
1658061180000 50.0547917 19.8535221
1658061181000 50.0547229 19.8535366
1658061182000 50.0547115 19.8535482
1658061183000 50.0547329 19.8535472
1658061184000 50.0547469 19.8535523
1658061186000 50.0547426 19.8535331
1658061187000 50.0547542 19.8535288
1658061188000 50.0547638 19.8535307
1658061189000 50.0547774 19.8535068
1658061190000 50.0547707 19.8534788
1658061191000 50.0547555 19.8534516
1658061195532 50.0547486 19.8534414
1658061197000 50.0546507 19.8532324
1658061200000 50.0546389 19.8532233
1658061202000 50.0546422 19.853249
1658061204000 50.0546349 19.8532811
1658061206000 50.0546256 19.8532725
1658061207000 50.0546164 19.8532536
1658061208000 50.0546042 19.8532469
1658061209000 50.0545905 19.8532501
1658061211000 50.0545865 19.8532648
1658061222000 50.0545944 19.8532739
1658061225000 50.0546021 19.8532824
1658061227000 50.0546047 19.8533056
1658061228000 50.0546068 19.8533237
1658061229000 50.0546086 19.8533408
1658061231000 50.0546094 19.8533635
1658061236000 50.0546191 19.8533649
1658061237000 50.0546387 19.8533395
1658061238000 50.0546512 19.8533279
1658061239000 50.0546624 19.8533121
1658061241000 50.0546703 19.8532938
1658061243000 50.0546649 19.8532771
1658061244000 50.0546508 19.8532716
1658061245000 50.0546358 19.8532736
1658061247000 50.0546242 19.8532675
1658061249000 50.0546178 19.8532515
1658061250000 50.0546051 19.8532559
1658061251000 50.0545905 19.8532705
1658061252000 50.054585 19.853301
1658061253000 50.0545845 19.8533318
1658061254000 50.0545919 19.8533566
1658061255000 50.0546079 19.8533781
1658061256000 50.0546254 19.8534063
1658061257000 50.0546404 19.8534367
1658061258000 50.0546495 19.8534577
1658061259000 50.0546498 19.8534734
1658061260000 50.0546471 19.8534963
1658061261000 50.0546443 19.8535158
1658061262000 50.0546424 19.8535415
1658061263000 50.0546394 19.8535615
1658061265000 50.0546342 19.8535873
1658061267000 50.0546483 19.8536058
1658061268000 50.0546609 19.8536057
1658061273000 50.0546519 19.8536233
1658061275000 50.05464 19.8536326
1658061276000 50.0546221 19.8536419
1658061277000 50.0546043 19.853652
1658061278000 50.0545795 19.8536603
1658061279000 50.0545625 19.8536677
1658061283000 50.0545642 19.8536535
1658061284000 50.0545814 19.8536387
1658061285000 50.0545991 19.8536163
1658061286000 50.0546054 19.8535974
1658061287000 50.0546595 19.8535674
1658061288000 50.0547487 19.8535402
1658061289000 50.0548395 19.8535211
1658061290000 50.0549031 19.85352
1658061291000 50.0549242 19.8535063
1658061292000 50.0549004 19.8535164
1658061293000 50.0548619 19.8535473
1658061294000 50.0548454 19.8535578
1658061296000 50.0548541 19.8535695
1658061297000 50.0548616 19.8535812
1658061298000 50.0548732 19.8535904
1658061299000 50.0548886 19.8535947
1658061300000 50.0549073 19.8535862
1658061306233 50.0547487 19.8536566
1658061307013 50.0547181 19.8536735
1658061307755 50.0547058 19.8536826
1658061314000 50.0547784 19.8536386
1658061315000 50.0547843 19.853591
1658061316000 50.0547551 19.8535723
1658061317000 50.054715 19.8535566
1658061318000 50.0546758 19.8535523
1658061319000 50.0546617 19.853556
1658061321000 50.0546542 19.8535649
1658061322000 50.0546846 19.8536225
1658061323000 50.0547114 19.8536543
1658061324000 50.0547309 19.8536662
1658061325000 50.0547483 19.8536769
1658061326000 50.0547608 19.853685
1658061327000 50.0547731 19.8536942
1658061328000 50.0547826 19.8537028
1658061330000 50.0547979 19.8536994
1658061336000 50.0547892 19.8537113
1658061336792 50.0547733 19.8537246
1658061339000 50.0547667 19.8537398
1658061341000 50.054763 19.8537684
1658061341414 50.0547684 19.8538213
1658061341895 50.0547695 19.85384
1658061342000 50.0547659 19.8537937
1658061342497 50.0547711 19.8538601
1658061344753 50.0547828 19.8539238
1658061345000 50.054774 19.8538856
1658061345651 50.0547929 19.8539593
1658061347000 50.0547974 19.8539719
1658061348000 50.0548037 19.8539907
1658061348675 50.0548653 19.8541727
1658061349000 50.0548368 19.8540911
1658061350000 50.0548828 19.8542223
1658061350892 50.0549275 19.8543462
1658061351000 50.0549033 19.8542761
1658061351376 50.0549392 19.8543796
1658061353000 50.0549444 19.8543921
1658061355000 50.0549552 19.8543999
1658061357000 50.0549479 19.8543569
1658061358000 50.0549432 19.8543377
1658061359000 50.0549382 19.8543221
1658061360000 50.0549336 19.8543045
1658061362000 50.0549333 19.8542848
1658061363000 50.0549289 19.8542617
1658061363337 50.0548993 19.8541199
1658061364000 50.0549234 19.8542316
1658061365000 50.0548833 19.8540464
1658061366000 50.0548611 19.8539568
1658061367000 50.054839 19.8538716
1658061368000 50.0548269 19.8538271
1658061368807 50.0548191 19.8537883
1658061369000 50.0548207 19.8538024
1658061370053 50.0548201 19.8537735
1658061371993 50.0548286 19.8537542
1658061372997 50.0548353 19.8537438
1658061373573 50.054841 19.8537255
1658061376000 50.054851 19.8536862
1658061377000 50.0548553 19.8536668
1658061377712 50.0548574 19.8536345
1658061378000 50.0548577 19.8536515
1658061378531 50.054858 19.8536156
1658061379515 50.0548618 19.8535961
1658061380635 50.0548583 19.85357
1658061381856 50.0548498 19.853537
1658061382000 50.0548546 19.8535513
1658061382636 50.0548442 19.8535199
1658061383575 50.0548382 19.8535087
1658061388000 50.054837 19.8534933
1658061391000 50.0548376 19.8534733
1658061394000 50.0548352 19.8534584
1658061399000 50.0548317 19.8534451
1658061404554 50.0548432 19.8534555
1658061405615 50.0548537 19.8534679
1658061406806 50.0548639 19.85348
1658061407616 50.0548702 19.8534904
1658061409434 50.054889 19.8535189
1658061410000 50.0548816 19.8535062
1658061410633 50.0548978 19.8535327
1658061411853 50.0549056 19.8535467
1658061413562 50.054917 19.8535726
1658061414000 50.054912 19.853557
1658061415804 50.0549247 19.853584
1658061418000 50.0549308 19.8535981
1658061418583 50.0549343 19.8536283
1658061419000 50.0549335 19.8536115
1658061420456 50.0549356 19.8536497
1658061421991 50.0549357 19.8536698
1658061423146 50.0549317 19.8536889
1658061425000 50.0549304 19.8537052
1658061425133 50.0549325 19.8537227
1658061426851 50.0549379 19.8537425
1658061428115 50.0549431 19.8537555
1658061429476 50.0549505 19.8537729
1658061430575 50.0549569 19.8537853
1658061431792 50.054962 19.8538006
1658061433016 50.0549653 19.853818
1658061434976 50.0549718 19.8538496
1658061435000 50.0549685 19.8538353
1658061437000 50.0549769 19.8538683
1658061438000 50.0549867 19.8538933
1658061440000 50.0550018 19.8539276
1658061443000 50.0550065 19.8539436
1658061445000 50.0550099 19.8539591
1658061445855 50.0550097 19.8539762
1658061450000 50.0550059 19.8539896
1658061453000 50.0550093 19.8540044
1658061453594 50.055015 19.8540215
1658061456000 50.0550202 19.8540369
1658061458000 50.0550309 19.8540539
1658061462000 50.0550393 19.8540677
1658061464000 50.0550486 19.8540685
1658061465734 50.0550631 19.8540759
1658061469000 50.0550732 19.8540887
1658061469853 50.055078 19.854107
1658061472000 50.0550808 19.8541264
1658061472454 50.0550807 19.854143
1658061475000 50.0550783 19.8541632
1658061477000 50.0550847 19.8541864
1658061478000 50.0550904 19.854198
1658061478514 50.0550994 19.8542103
1658061481000 50.0551115 19.8542238
1658061483000 50.0551199 19.8542376
1658061484094 50.055126 19.854248 